793 2930
0 663
0 664
0 665
0 666
0 667
0 668
0 669
0 670
0 671
0 672
0 673
0 674
0 675
0 676
0 677
0 678
0 679
0 681
0 682
0 683
0 684
0 686
0 687
0 688
0 689
0 690
0 691
0 692
0 693
0 694
0 696
0 697
0 698
0 699
0 700
0 701
0 702
0 704
0 705
0 707
0 708
0 709
0 710
0 711
0 712
0 713
0 714
0 715
0 716
0 717
0 718
0 719
0 721
0 722
0 723
0 724
0 725
0 727
0 728
0 729
0 730
0 731
0 732
0 733
0 734
0 737
0 738
0 739
0 740
0 741
0 743
0 745
0 746
0 747
0 748
0 750
0 751
0 752
0 753
0 757
0 760
0 761
0 762
0 763
0 765
0 768
0 771
0 772
0 773
0 774
0 775
0 776
0 777
0 778
0 779
0 780
0 781
0 784
0 785
0 786
0 787
0 789
0 790
0 792
1 666
1 668
1 669
1 670
1 673
1 676
1 677
1 678
1 679
1 680
1 681
1 682
1 688
1 689
1 691
1 694
1 697
1 698
1 702
1 707
1 708
1 709
1 711
1 712
1 715
1 718
1 720
1 721
1 722
1 728
1 732
1 740
1 749
1 752
1 757
1 759
1 760
1 775
2 664
2 665
2 666
2 669
2 673
2 675
2 676
2 677
2 678
2 681
2 689
2 691
2 694
2 698
2 699
2 702
2 707
2 708
2 715
2 717
2 718
2 720
2 723
2 725
2 728
2 729
2 730
2 732
2 733
2 734
2 736
2 740
2 746
2 747
2 751
2 752
2 757
2 760
3 666
3 667
3 668
3 669
3 673
3 674
3 678
3 682
3 683
3 687
3 688
3 692
3 694
3 702
3 704
3 707
3 717
3 720
3 721
3 723
3 725
3 726
3 727
3 728
3 729
3 732
3 733
3 734
3 738
3 741
3 746
3 751
3 759
4 664
4 665
4 666
4 668
4 669
4 670
4 671
4 673
4 679
4 682
4 683
4 687
4 689
4 691
4 692
4 695
4 696
4 699
4 700
4 701
4 704
4 709
4 710
4 716
4 719
4 724
4 727
4 745
4 748
4 763
4 767
4 771
4 777
5 663
5 664
5 670
5 671
5 675
5 679
5 680
5 690
5 691
5 692
5 693
5 694
5 695
5 697
5 700
5 701
5 709
5 710
5 712
5 716
5 722
5 724
5 727
5 730
5 731
5 744
5 748
5 753
5 758
5 763
5 767
5 782
5 784
6 664
6 665
6 666
6 668
6 669
6 671
6 682
6 683
6 686
6 687
6 688
6 689
6 695
6 696
6 699
6 700
6 701
6 704
6 708
6 709
6 710
6 715
6 720
6 725
6 727
6 737
6 738
6 743
6 750
6 760
6 768
6 789
7 663
7 666
7 667
7 669
7 671
7 673
7 679
7 680
7 683
7 685
7 686
7 687
7 691
7 692
7 694
7 695
7 696
7 700
7 704
7 710
7 712
7 713
7 735
7 744
7 758
7 759
7 763
7 765
7 772
7 773
7 774
8 663
8 668
8 670
8 671
8 672
8 676
8 677
8 680
8 681
8 683
8 687
8 688
8 689
8 708
8 710
8 712
8 718
8 727
8 736
8 741
8 743
8 762
8 763
8 765
8 766
8 772
8 780
8 784
9 663
9 667
9 668
9 674
9 675
9 676
9 681
9 682
9 685
9 690
9 691
9 694
9 697
9 698
9 699
9 707
9 711
9 723
9 726
9 728
9 729
9 730
9 734
9 736
9 757
9 779
10 664
10 665
10 666
10 668
10 669
10 671
10 672
10 673
10 674
10 678
10 682
10 686
10 688
10 689
10 704
10 707
10 709
10 713
10 720
10 721
10 723
10 733
10 739
10 765
11 664
11 669
11 670
11 671
11 679
11 680
11 682
11 692
11 700
11 709
11 712
11 714
11 716
11 724
11 731
11 738
11 741
11 745
11 748
11 760
11 766
11 768
11 771
11 782
12 664
12 665
12 666
12 668
12 673
12 678
12 679
12 683
12 686
12 687
12 691
12 696
12 698
12 699
12 702
12 707
12 725
12 727
12 729
12 732
12 734
12 757
13 664
13 665
13 666
13 667
13 674
13 679
13 683
13 685
13 686
13 690
13 691
13 694
13 695
13 710
13 733
13 735
13 739
13 740
13 758
13 763
13 764
13 765
14 668
14 670
14 671
14 688
14 689
14 700
14 712
14 714
14 716
14 717
14 718
14 719
14 724
14 725
14 737
14 738
14 745
14 751
14 754
14 755
14 756
15 668
15 669
15 671
15 673
15 678
15 688
15 699
15 702
15 707
15 708
15 715
15 717
15 720
15 721
15 725
15 729
15 734
15 746
15 751
15 774
15 775
16 666
16 668
16 669
16 671
16 673
16 678
16 682
16 687
16 691
16 694
16 699
16 702
16 704
16 715
16 717
16 727
16 730
16 733
16 739
16 746
16 751
17 663
17 664
17 666
17 668
17 669
17 671
17 672
17 679
17 682
17 685
17 686
17 687
17 689
17 692
17 695
17 704
17 712
17 739
17 741
17 743
18 664
18 665
18 666
18 669
18 686
18 687
18 688
18 689
18 699
18 704
18 708
18 718
18 727
18 750
18 754
18 755
18 756
18 758
18 759
19 663
19 664
19 667
19 671
19 672
19 678
19 679
19 682
19 683
19 684
19 685
19 686
19 687
19 693
19 695
19 701
19 728
19 730
19 748
20 663
20 666
20 668
20 669
20 670
20 671
20 675
20 680
20 682
20 687
20 695
20 710
20 727
20 736
20 741
20 765
20 766
20 772
20 780
21 663
21 670
21 675
21 676
21 677
21 680
21 691
21 692
21 696
21 700
21 701
21 706
21 728
21 749
21 753
21 767
21 772
21 776
22 663
22 666
22 668
22 670
22 675
22 676
22 677
22 680
22 681
22 684
22 690
22 691
22 698
22 705
22 707
22 711
22 722
22 742
23 666
23 668
23 675
23 679
23 680
23 691
23 694
23 697
23 699
23 710
23 711
23 723
23 730
23 740
23 747
23 752
23 772
23 777
24 664
24 666
24 667
24 679
24 680
24 683
24 690
24 693
24 694
24 696
24 698
24 700
24 703
24 728
24 735
24 742
24 766
24 769
25 664
25 665
25 669
25 673
25 689
25 699
25 708
25 713
25 714
25 718
25 724
25 750
25 754
25 755
25 756
25 765
25 770
26 663
26 664
26 667
26 670
26 671
26 675
26 678
26 680
26 688
26 691
26 698
26 713
26 722
26 733
26 744
26 750
26 768
27 663
27 670
27 675
27 676
27 677
27 680
27 681
27 683
27 684
27 693
27 698
27 701
27 703
27 705
27 711
27 728
27 753
28 664
28 665
28 666
28 669
28 673
28 674
28 686
28 687
28 689
28 695
28 704
28 713
28 718
28 727
28 743
28 762
28 773
29 664
29 668
29 669
29 673
29 674
29 675
29 681
29 682
29 686
29 687
29 699
29 721
29 734
29 754
29 755
29 756
30 668
30 669
30 671
30 689
30 702
30 708
30 712
30 716
30 719
30 724
30 725
30 731
30 737
30 738
30 748
30 766
31 663
31 664
31 666
31 668
31 679
31 680
31 682
31 683
31 685
31 686
31 693
31 695
31 709
31 717
31 747
31 764
32 666
32 668
32 669
32 673
32 683
32 688
32 689
32 691
32 698
32 704
32 708
32 715
32 717
32 721
32 761
32 775
33 666
33 668
33 673
33 688
33 689
33 708
33 713
33 714
33 718
33 721
33 738
33 759
33 760
33 762
33 770
34 663
34 664
34 666
34 679
34 680
34 682
34 687
34 694
34 695
34 709
34 711
34 727
34 743
34 749
34 758
35 663
35 675
35 676
35 677
35 680
35 681
35 696
35 697
35 698
35 701
35 705
35 706
35 728
35 740
35 744
36 663
36 670
36 675
36 676
36 677
36 681
36 684
36 691
36 698
36 700
36 701
36 723
36 744
36 747
37 664
37 665
37 666
37 672
37 679
37 686
37 689
37 704
37 709
37 717
37 741
37 743
37 758
37 768
38 668
38 689
38 708
38 713
38 717
38 718
38 721
38 732
38 738
38 751
38 760
38 770
38 772
38 781
39 663
39 665
39 666
39 668
39 669
39 671
39 672
39 683
39 699
39 736
39 741
39 761
39 766
39 780
40 663
40 664
40 666
40 667
40 679
40 689
40 690
40 694
40 696
40 697
40 711
40 735
40 742
40 769
41 664
41 673
41 674
41 678
41 688
41 702
41 704
41 708
41 715
41 717
41 720
41 721
41 746
41 751
42 665
42 667
42 673
42 679
42 685
42 686
42 690
42 694
42 696
42 697
42 698
42 711
42 722
42 735
43 663
43 668
43 679
43 680
43 683
43 692
43 693
43 694
43 697
43 700
43 728
43 747
43 749
43 791
44 666
44 668
44 669
44 672
44 687
44 688
44 689
44 708
44 713
44 718
44 720
44 737
44 770
45 664
45 668
45 671
45 676
45 677
45 682
45 692
45 695
45 700
45 709
45 785
45 786
45 788
46 663
46 670
46 680
46 694
46 695
46 698
46 700
46 705
46 714
46 748
46 754
46 755
46 756
47 664
47 671
47 683
47 686
47 692
47 695
47 702
47 709
47 710
47 716
47 724
47 731
47 768
48 665
48 666
48 667
48 672
48 673
48 674
48 676
48 685
48 690
48 697
48 735
48 739
48 776
49 674
49 678
49 687
49 688
49 708
49 712
49 718
49 732
49 754
49 755
49 756
49 775
50 663
50 669
50 670
50 675
50 676
50 677
50 680
50 681
50 684
50 694
50 724
50 763
51 669
51 673
51 674
51 678
51 688
51 702
51 707
51 717
51 746
51 751
51 770
51 774
52 663
52 664
52 667
52 672
52 679
52 682
52 683
52 686
52 690
52 693
52 695
52 764
53 663
53 671
53 675
53 701
53 706
53 724
53 731
53 744
53 778
53 786
53 788
54 668
54 669
54 673
54 702
54 714
54 716
54 738
54 761
54 762
54 763
54 773
55 670
55 671
55 692
55 716
55 719
55 724
55 731
55 747
55 754
55 755
55 756
56 663
56 666
56 672
56 679
56 680
56 683
56 686
56 695
56 703
56 704
56 722
57 666
57 668
57 669
57 671
57 712
57 725
57 727
57 737
57 738
57 745
57 766
58 663
58 669
58 670
58 675
58 680
58 684
58 698
58 722
58 740
58 749
58 752
59 663
59 670
59 675
59 676
59 677
59 681
59 691
59 697
59 700
59 701
59 706
60 664
60 665
60 667
60 672
60 674
60 678
60 685
60 690
60 726
60 764
60 765
61 663
61 664
61 675
61 679
61 686
61 691
61 694
61 705
61 730
61 747
61 764
62 666
62 668
62 669
62 673
62 682
62 683
62 689
62 699
62 714
62 725
62 759
63 663
63 669
63 671
63 676
63 677
63 681
63 682
63 683
63 695
63 730
63 782
64 665
64 666
64 671
64 672
64 676
64 677
64 681
64 683
64 706
64 732
64 777
65 665
65 666
65 672
65 676
65 677
65 678
65 681
65 683
65 688
65 706
65 776
66 671
66 700
66 704
66 709
66 716
66 719
66 731
66 745
66 748
66 771
66 778
67 663
67 666
67 667
67 679
67 686
67 690
67 694
67 696
67 697
67 711
67 769
68 663
68 664
68 676
68 677
68 681
68 693
68 732
68 734
68 739
68 757
69 664
69 665
69 666
69 672
69 673
69 674
69 685
69 686
69 688
69 713
70 671
70 712
70 714
70 724
70 737
70 745
70 754
70 755
70 756
70 771
71 663
71 676
71 677
71 681
71 684
71 693
71 703
71 706
71 726
71 736
72 667
72 675
72 676
72 677
72 681
72 705
72 707
72 711
72 723
72 740
73 663
73 668
73 670
73 695
73 710
73 761
73 762
73 773
73 780
73 784
74 663
74 664
74 680
74 682
74 684
74 688
74 709
74 710
74 732
74 749
75 670
75 675
75 676
75 677
75 681
75 698
75 705
75 706
75 736
75 752
76 673
76 675
76 679
76 705
76 707
76 722
76 723
76 730
76 752
76 779
77 669
77 674
77 678
77 690
77 702
77 705
77 715
77 720
77 726
77 729
78 665
78 669
78 673
78 689
78 694
78 707
78 708
78 723
78 733
78 738
79 663
79 668
79 675
79 676
79 677
79 681
79 712
79 736
79 773
80 663
80 669
80 672
80 676
80 677
80 680
80 681
80 684
80 697
81 663
81 675
81 676
81 677
81 680
81 681
81 684
81 691
81 728
82 665
82 669
82 673
82 682
82 689
82 708
82 709
82 739
82 758
83 664
83 666
83 668
83 694
83 698
83 709
83 711
83 742
83 770
84 664
84 665
84 679
84 682
84 687
84 694
84 739
84 743
84 758
85 669
85 672
85 682
85 685
85 686
85 687
85 688
85 715
85 730
86 664
86 669
86 671
86 673
86 686
86 689
86 713
86 733
86 737
87 665
87 668
87 669
87 674
87 687
87 704
87 717
87 727
87 739
88 664
88 666
88 672
88 683
88 687
88 704
88 709
88 742
89 668
89 670
89 682
89 692
89 695
89 700
89 716
89 782
90 665
90 666
90 679
90 687
90 704
90 727
90 741
90 760
91 670
91 671
91 695
91 712
91 719
91 724
91 731
91 745
92 668
92 674
92 678
92 685
92 702
92 720
92 729
92 787
93 670
93 675
93 676
93 677
93 681
93 698
93 706
93 711
94 670
94 676
94 677
94 680
94 705
94 711
94 714
94 781
95 663
95 670
95 675
95 684
95 692
95 700
95 701
95 767
96 669
96 675
96 699
96 711
96 715
96 721
96 730
96 740
97 665
97 668
97 678
97 685
97 702
97 707
97 734
97 738
98 671
98 672
98 682
98 700
98 717
98 719
98 731
98 749
99 663
99 670
99 676
99 677
99 681
99 684
99 697
99 703
100 663
100 670
100 671
100 677
100 692
100 695
100 703
100 781
101 664
101 665
101 667
101 679
101 684
101 706
101 726
101 750
102 663
102 667
102 676
102 677
102 684
102 692
102 703
102 706
103 663
103 675
103 705
103 706
103 723
103 726
103 728
103 779
104 671
104 673
104 674
104 678
104 707
104 712
104 713
104 738
105 664
105 690
105 696
105 699
105 739
105 742
105 747
105 764
106 665
106 671
106 683
106 687
106 688
106 713
106 725
106 774
107 669
107 671
107 673
107 682
107 713
107 715
107 721
107 725
108 663
108 667
108 679
108 685
108 686
108 690
108 696
108 735
109 666
109 668
109 669
109 671
109 686
109 689
109 710
109 760
110 671
110 675
110 684
110 692
110 697
110 700
110 710
110 778
111 670
111 676
111 677
111 681
111 701
111 722
111 744
112 669
112 687
112 689
112 718
112 754
112 755
112 756
113 663
113 670
113 680
113 692
113 700
113 701
113 722
114 664
114 671
114 672
114 674
114 678
114 682
114 704
115 663
115 679
115 686
115 690
115 696
115 703
115 705
116 664
116 665
116 672
116 673
116 682
116 710
116 715
117 663
117 677
117 679
117 680
117 694
117 697
117 703
118 671
118 685
118 714
118 716
118 719
118 724
118 731
119 663
119 679
119 690
119 693
119 696
119 730
119 735
120 666
120 675
120 676
120 677
120 681
120 692
120 698
121 666
121 667
121 685
121 686
121 743
121 764
121 770
122 663
122 680
122 681
122 697
122 698
122 744
123 663
123 676
123 677
123 681
123 703
123 706
124 668
124 687
124 689
124 708
124 709
124 718
125 666
125 669
125 673
125 713
125 737
125 745
126 665
126 668
126 672
126 679
126 682
126 759
127 668
127 689
127 708
127 709
127 718
127 737
128 673
128 678
128 682
128 688
128 702
128 721
129 668
129 673
129 686
129 687
129 699
129 774
130 665
130 670
130 676
130 677
130 681
130 694
131 671
131 674
131 683
131 695
131 714
131 781
132 663
132 670
132 680
132 684
132 701
132 703
133 668
133 672
133 687
133 689
133 699
133 766
134 673
134 702
134 707
134 720
134 732
134 757
135 675
135 680
135 691
135 697
135 711
135 733
136 663
136 670
136 675
136 693
136 698
136 744
137 688
137 714
137 717
137 724
137 768
137 771
138 663
138 676
138 677
138 682
138 695
138 782
139 673
139 674
139 678
139 686
139 712
139 741
140 663
140 680
140 682
140 687
140 699
140 702
141 670
141 675
141 677
141 689
141 698
141 722
142 666
142 669
142 687
142 697
142 732
142 752
143 663
143 676
143 677
143 681
143 697
143 732
144 664
144 666
144 672
144 674
144 687
144 739
145 665
145 666
145 673
145 689
145 733
145 743
146 669
146 688
146 690
146 695
146 710
146 783
147 668
147 712
147 737
147 753
147 777
147 783
148 676
148 677
148 681
148 726
148 728
148 779
149 663
149 667
149 674
149 679
149 684
149 747
150 672
150 674
150 678
150 685
150 687
150 715
151 663
151 666
151 679
151 684
151 691
151 693
152 678
152 696
152 729
152 732
152 736
152 746
153 683
153 685
153 686
153 707
153 726
153 729
154 663
154 670
154 676
154 677
154 681
154 706
155 663
155 680
155 684
155 693
155 697
155 703
156 663
156 667
156 674
156 685
156 735
156 769
157 664
157 679
157 686
157 709
157 717
158 664
158 665
158 666
158 683
158 685
159 692
159 701
159 712
159 719
159 777
160 670
160 679
160 700
160 716
160 724
161 712
161 716
161 724
161 731
161 761
162 679
162 686
162 690
162 696
162 765
163 666
163 667
163 672
163 687
163 688
164 663
164 683
164 692
164 695
164 716
165 669
165 704
165 754
165 755
165 756
166 663
166 675
166 684
166 703
166 706
167 669
167 699
167 702
167 715
167 721
168 663
168 675
168 684
168 697
168 703
169 663
169 676
169 681
169 696
169 736
170 663
170 679
170 680
170 683
170 692
171 663
171 676
171 677
171 681
171 684
172 673
172 678
172 708
172 715
172 720
173 668
173 672
173 680
173 684
173 697
174 663
174 684
174 691
174 693
174 735
175 668
175 670
175 692
175 695
175 716
176 671
176 702
176 725
176 731
176 761
177 670
177 675
177 684
177 693
177 706
178 663
178 683
178 684
178 701
178 703
179 678
179 679
179 685
179 699
179 720
180 665
180 674
180 682
180 736
180 739
181 676
181 677
181 681
181 705
181 752
182 671
182 722
182 748
182 778
182 785
183 666
183 675
183 679
183 691
184 675
184 691
184 694
184 697
185 673
185 674
185 696
185 762
186 689
186 708
186 715
186 721
187 689
187 708
187 718
187 783
188 669
188 673
188 721
188 775
189 666
189 688
189 699
189 702
190 665
190 672
190 699
190 709
191 670
191 713
191 715
191 737
192 683
192 696
192 704
192 710
193 671
193 673
193 715
193 720
194 719
194 725
194 731
194 761
195 671
195 688
195 725
195 788
196 672
196 674
196 678
196 685
197 688
197 699
197 733
197 764
198 664
198 690
198 691
198 735
199 663
199 670
199 680
199 701
200 671
200 719
200 745
200 748
201 663
201 666
201 683
201 691
202 665
202 671
202 682
202 686
203 676
203 677
203 681
203 764
204 663
204 672
204 699
204 723
205 694
205 711
205 723
205 730
206 711
206 723
206 733
206 762
207 676
207 677
207 681
207 707
208 670
208 692
208 716
208 748
209 669
209 691
209 708
209 729
210 716
210 725
210 731
210 785
211 667
211 685
211 737
211 741
212 666
212 687
212 689
212 718
213 676
213 677
213 681
213 723
214 666
214 694
214 698
214 747
215 674
215 685
215 758
215 763
216 676
216 677
216 681
216 694
217 663
217 684
217 693
217 703
218 664
218 665
218 690
218 742
219 664
219 707
219 729
219 732
220 663
220 667
220 679
220 686
221 687
221 697
221 700
221 740
222 663
222 692
222 696
222 776
223 665
223 678
223 707
224 668
224 721
224 787
225 664
225 669
225 690
226 734
226 746
226 757
227 665
227 666
227 743
228 663
228 679
228 722
229 664
229 711
229 722
230 683
230 688
230 745
231 665
231 667
231 672
232 663
232 665
232 667
233 676
233 677
233 681
234 710
234 720
234 775
235 674
235 678
235 720
236 676
236 677
236 681
237 663
237 706
237 736
238 663
238 680
238 701
239 663
239 694
239 700
240 663
240 700
240 703
241 666
241 672
241 682
242 665
242 683
242 685
243 667
243 685
243 705
244 663
244 693
244 703
245 663
245 693
245 711
246 663
246 693
246 736
247 663
247 680
247 693
248 663
248 675
248 684
249 680
249 682
249 696
250 668
250 675
250 698
251 675
251 676
251 703
252 664
252 690
252 742
253 664
253 690
253 768
254 670
254 714
254 724
255 667
255 684
255 706
256 663
256 703
256 706
257 664
257 665
257 737
258 671
258 672
258 679
259 696
259 722
259 726
260 665
260 689
260 708
261 692
261 696
261 698
262 697
262 703
262 744
263 665
263 667
263 726
264 674
264 685
264 713
265 663
265 693
265 742
266 665
266 690
266 742
267 666
267 668
267 741
268 688
268 705
268 707
269 665
269 686
269 714
270 675
270 705
270 723
271 707
271 723
271 734
272 672
272 678
272 685
273 691
273 695
273 749
274 664
274 687
274 704
275 669
275 688
275 725
276 667
276 675
276 684
277 667
277 682
277 696
278 693
278 701
278 750
279 675
279 678
279 729
280 683
280 695
280 697
281 666
281 687
281 691
282 663
282 667
282 726
283 684
283 722
283 734
284 675
284 744
284 750
285 676
285 677
285 681
286 692
286 700
286 753
287 673
287 674
287 685
288 668
288 671
288 702
289 684
289 697
289 769
290 665
290 673
290 690
291 668
291 682
291 685
292 676
292 677
292 681
293 663
293 676
293 693
294 663
294 683
294 697
295 678
295 702
295 717
296 665
296 678
296 696
297 667
297 685
297 769
298 687
298 712
298 727
299 690
299 696
300 666
300 704
301 664
301 709
302 663
302 680
303 695
303 704
304 666
304 668
305 668
305 699
306 717
306 759
307 668
307 704
308 688
308 702
309 679
309 691
310 669
310 679
311 663
311 696
312 680
312 700
313 683
313 709
314 673
314 678
315 671
315 716
316 691
316 757
317 685
317 726
318 673
318 685
319 696
319 703
320 663
320 684
321 667
321 685
322 667
322 696
323 664
323 665
324 714
324 773
325 702
325 762
326 692
326 701
327 664
327 742
328 679
328 740
329 686
329 705
330 663
330 684
331 666
331 682
332 664
332 668
333 664
333 683
334 683
334 742
335 682
335 710
336 663
336 692
337 670
337 700
338 670
338 705
339 703
339 706
340 670
340 719
341 707
341 729
342 688
342 694
343 663
343 744
344 667
344 686
345 682
345 685
346 670
346 683
347 667
347 682
348 672
348 713
349 663
349 690
350 663
350 706
351 667
351 674
352 665
352 726
353 671
353 674
354 673
354 685
355 678
355 707
356 673
356 685
357 692
357 727
358 668
358 672
359 663
359 705
360 663
360 693
361 678
361 774
362 667
362 672
363 740
363 758
364 678
364 721
365 673
365 674
366 663
366 750
367 693
367 750
368 672
368 689
369 713
369 722
370 698
370 736
371 664
371 709
372 664
372 726
373 663
373 664
374 671
374 719
375 670
375 767
376 700
376 701
377 663
377 675
378 714
378 715
379 683
379 705
380 705
380 757
381 717
381 751
382 663
382 735
383 669
383 734
384 714
384 719
385 669
385 718
386 693
386 776
387 665
387 666
388 663
388 690
389 664
389 710
390 700
390 753
391 690
391 697
392 678
392 738
393 684
393 706
394 680
394 703
395 667
395 672
396 688
396 702
397 692
397 767
398 692
398 700
399 674
399 678
400 690
400 726
401 678
401 707
402 673
402 678
403 720
403 729
404 663
404 684
405 663
405 684
406 664
406 674
407 663
407 693
408 667
408 692
409 667
409 671
410 667
410 696
411 667
411 710
412 667
412 672
413 667
413 690
414 665
414 669
415 702
415 729
416 678
416 723
417 674
417 704
418 735
419 663
420 674
421 667
422 667
423 746
424 699
425 668
426 687
427 665
428 665
429 668
430 712
431 673
432 759
433 669
434 686
435 743
436 699
437 699
438 666
439 664
440 666
441 672
442 664
443 663
444 670
445 670
446 680
447 694
448 691
449 666
450 701
451 691
452 671
453 672
454 667
455 675
456 675
457 685
458 664
459 664
460 672
461 667
462 679
463 688
464 672
465 703
466 672
467 672
468 686
469 672
470 672
471 701
472 711
473 677
474 705
475 663
476 667
477 701
478 767
479 667
480 704
481 783
482 667
483 667
484 667
485 684
486 698
487 706
488 682
489 734
490 672
491 672
492 674
493 706
494 663
495 664
496 669
497 690
498 713
499 761
500 667
501 749
502 675
503 699
504 771
505 714
506 719
507 719
508 671
509 674
510 726
511 692
512 742
513 670
514 684
515 693
516 665
517 685
518 674
519 667
520 753
521 705
522 663
523 672
524 668
525 670
526 753
527 670
528 670
529 674
530 679
531 670
532 749
533 712
534 701
535 727
536 752
537 698
538 740
539 698
540 698
541 769
542 702
543 665
544 671
545 711
546 678
547 678
548 698
549 672
550 705
551 674
552 669
553 665
554 705
555 665
556 697
557 700
558 701
559 667
560 663
561 663
562 663
563 705
564 680
565 673
566 671
567 739
568 726
569 667
570 678
571 667
572 684
573 663
574 665
575 699
576 713
577 733
578 665
579 687
580 714
581 664
582 680
583 690
584 746
585 663
586 769
587 665
588 741
589 719
590 701
591 745
592 730
593 719
594 790
595 718
596 753
597 665
598 674
599 695
600 674
601 675
602 672
603 683
604 686
605 674
606 725
607 664
608 675
609 680
610 696
611 670
612 695
613 680
614 695
615 664
616 673
617 674
618 678
619 674
620 690
621 665
622 678
623 674
624 663
625 691
626 673
627 674
628 663
629 703
630 728
631 688
632 729
633 663
634 693
635 735
636 693
637 667
638 694
639 664
640 693
641 703
642 685
643 678
644 670
645 663
646 663
647 767
648 663
649 663
650 665
651 728
652 728
653 728
654 706
655 710
656 685
657 667
658 720
659 663
660 743
661 693
662 749
