150 198
0 51
0 52
0 53
0 54
0 60
0 61
0 62
0 64
0 65
0 66
0 67
0 69
0 70
0 71
0 72
0 74
0 75
0 76
0 77
0 78
0 80
0 81
0 82
0 83
0 84
0 86
0 87
0 89
0 90
0 91
0 92
0 94
0 95
0 96
0 98
0 99
0 100
0 102
0 103
0 104
0 105
0 106
0 107
0 108
0 109
0 110
0 111
0 112
0 113
0 115
0 116
0 117
0 118
0 119
0 120
0 121
0 122
0 123
0 125
0 126
0 127
0 129
0 130
0 132
0 133
0 134
0 135
0 136
0 137
0 138
0 139
0 140
0 141
0 143
0 144
0 145
0 146
0 147
0 148
0 149
1 51
1 53
1 54
1 55
1 56
1 57
1 60
1 63
1 69
1 70
1 75
1 88
1 97
1 124
2 54
2 60
2 64
2 65
2 66
2 72
2 79
2 80
2 128
3 51
3 52
3 56
3 57
3 59
3 62
3 73
3 81
4 52
4 54
4 63
4 78
4 85
4 114
4 131
5 51
5 52
5 53
5 54
5 63
5 64
5 67
6 51
6 53
6 54
6 55
6 65
6 93
6 142
7 51
7 55
7 60
7 66
8 51
8 56
8 57
9 52
9 53
9 59
10 51
10 58
10 61
11 51
11 56
11 57
12 51
12 56
12 57
13 51
13 74
14 55
14 62
15 51
15 58
16 51
16 68
17 51
17 53
18 61
18 101
19 68
19 77
20 58
20 73
21 59
21 79
22 51
23 76
24 53
25 51
26 58
27 52
28 51
29 55
30 52
31 51
32 51
33 51
34 51
35 55
36 59
37 53
38 52
39 53
40 52
41 51
42 59
43 58
44 51
45 52
46 54
47 54
48 71
49 55
50 52
