70 113
0 44
0 46
0 47
0 49
0 50
0 53
0 54
0 58
0 63
0 66
1 42
1 43
1 48
1 50
1 51
1 60
2 44
2 45
2 49
2 50
2 53
2 61
2 63
3 42
3 43
3 48
4 45
4 50
4 51
4 52
4 56
4 57
5 42
5 43
6 48
6 50
6 51
6 52
6 55
6 59
7 42
8 42
9 48
9 50
9 51
9 60
9 67
10 48
10 50
10 51
11 42
11 43
11 68
12 45
12 46
12 53
12 57
12 64
13 42
13 50
13 52
13 59
13 64
14 43
14 48
14 65
15 42
15 50
15 57
16 42
16 43
17 43
18 56
18 61
18 62
19 42
20 42
20 43
21 42
21 43
22 46
23 42
23 43
24 46
24 51
25 53
25 54
25 64
25 66
25 69
26 42
26 43
26 55
26 59
27 42
27 50
28 43
28 45
29 45
30 55
31 45
32 42
33 42
34 55
35 48
36 43
36 57
37 42
37 57
38 45
39 43
40 58
41 49
