456 871
0 365
0 366
0 370
0 378
0 388
0 395
0 397
0 400
1 367
1 369
1 371
1 372
1 373
1 375
1 376
1 378
1 380
1 390
1 391
1 402
1 403
1 413
1 414
1 424
1 433
1 436
1 437
1 441
1 444
1 452
2 366
2 367
2 368
2 372
2 373
2 378
2 383
2 385
2 386
2 387
2 392
2 397
2 399
2 400
2 406
2 410
2 417
2 422
2 426
2 429
2 431
3 367
3 368
3 369
3 371
3 372
3 373
3 375
3 376
3 380
3 390
3 391
3 397
3 402
3 403
3 413
3 414
3 418
3 424
3 425
3 427
4 367
4 368
4 371
4 373
4 375
4 381
4 408
4 412
4 414
4 416
4 428
4 436
4 438
5 365
5 367
5 368
5 369
5 370
5 372
5 373
5 375
5 378
5 379
5 385
5 390
5 395
5 402
5 403
5 424
5 433
5 438
6 370
6 374
6 376
6 379
6 384
6 401
6 405
6 415
6 423
6 443
7 365
7 366
7 367
7 368
7 369
7 372
7 376
7 377
7 381
7 393
7 403
8 370
8 372
8 374
8 376
8 382
8 395
8 397
8 398
8 405
8 415
9 367
9 368
9 371
9 375
9 382
9 383
9 385
9 386
9 392
9 394
9 398
9 406
9 416
9 418
9 439
10 367
10 368
10 371
10 373
10 375
10 378
10 381
10 396
10 402
10 408
10 416
10 425
10 428
10 453
11 374
11 401
12 365
12 366
12 368
12 369
12 370
12 372
12 377
12 378
12 385
12 389
12 392
12 399
13 366
13 367
13 368
13 369
13 372
13 378
13 380
13 385
13 388
13 389
13 396
13 402
13 421
13 430
13 431
13 448
13 450
14 369
14 371
14 375
14 379
14 380
14 391
14 401
14 405
14 413
14 414
14 425
14 427
15 366
15 372
15 379
15 382
15 383
15 384
15 386
15 387
15 388
15 389
15 392
15 402
16 365
16 376
16 377
16 378
16 393
16 403
16 404
16 413
17 367
17 368
17 370
17 372
17 376
17 382
17 387
17 398
17 404
17 406
17 413
17 417
17 425
17 426
18 373
18 378
18 379
18 383
18 385
18 387
18 418
18 425
18 434
18 435
18 445
19 367
19 373
19 378
19 390
19 406
19 408
19 431
20 365
20 371
20 382
20 383
20 387
20 392
20 413
20 418
20 421
20 426
20 430
20 434
20 435
20 442
20 454
21 368
21 372
21 377
21 378
21 385
21 388
21 395
21 420
22 368
22 371
22 385
22 390
22 419
23 370
23 372
24 366
24 369
24 372
24 378
24 385
24 386
24 397
24 410
24 425
24 428
24 437
25 365
25 377
25 386
25 410
26 368
26 377
26 383
26 385
26 386
26 399
26 418
27 365
27 370
27 415
28 365
28 387
28 392
29 365
29 366
29 369
29 372
30 369
30 371
30 372
30 388
30 411
30 427
31 370
31 388
31 395
31 415
32 365
32 366
32 377
32 379
32 426
33 374
33 389
33 416
34 367
34 368
34 373
34 378
34 379
34 389
34 396
34 406
35 366
35 379
35 389
35 394
35 401
35 409
36 366
36 378
36 387
36 392
36 399
36 401
36 404
37 365
37 366
37 372
37 388
37 389
37 435
38 367
38 368
38 381
38 383
38 396
39 365
39 376
39 388
40 365
40 388
40 393
40 400
41 366
41 382
41 383
41 387
41 394
41 398
41 406
41 422
42 367
42 368
42 371
42 377
42 394
42 418
43 365
43 369
43 372
43 392
43 403
43 404
43 414
44 365
44 377
44 378
44 393
44 430
45 382
45 397
45 400
45 410
45 411
46 396
47 365
47 409
48 368
48 377
48 417
48 429
49 371
49 383
49 389
49 391
49 398
49 421
49 442
50 365
50 366
50 377
51 365
51 369
51 386
51 409
52 407
53 366
53 377
53 393
54 365
54 368
54 372
54 388
55 374
56 383
56 398
56 440
57 368
57 369
57 378
57 390
57 399
58 374
58 376
58 382
58 405
58 451
59 384
59 394
60 390
60 406
60 409
60 455
61 365
61 393
62 367
62 368
62 372
63 369
63 372
63 388
64 383
64 384
64 391
64 410
64 435
65 376
65 411
65 423
65 443
66 405
66 411
66 418
67 368
67 369
67 377
67 380
67 420
68 378
68 397
68 420
69 366
69 372
70 422
70 447
71 374
71 391
72 376
72 378
72 386
73 374
74 366
74 389
74 399
75 366
76 367
76 368
76 369
77 379
77 396
77 405
77 418
78 366
78 377
78 410
79 372
79 410
79 416
80 383
80 394
81 376
82 389
82 401
82 407
82 430
83 409
84 378
84 402
84 426
85 376
85 413
85 427
86 382
86 392
86 419
87 366
87 385
87 386
88 371
88 385
89 383
89 398
89 449
90 368
90 404
91 377
91 404
92 379
92 406
92 429
93 365
93 370
94 390
94 404
94 421
95 379
95 383
95 410
96 367
96 375
97 371
97 376
97 422
98 367
98 368
98 369
99 369
100 376
100 377
100 404
101 366
101 377
101 380
102 366
102 403
103 366
103 368
103 377
104 383
104 414
105 389
105 394
106 366
106 377
106 378
107 366
107 378
108 369
108 372
109 369
109 441
110 371
110 422
111 377
111 394
112 393
113 372
113 393
114 365
114 399
115 367
115 400
116 428
116 446
117 398
118 392
118 419
119 365
119 377
120 368
120 429
121 369
122 370
122 407
123 382
123 445
124 366
125 380
125 401
126 369
126 420
127 368
127 430
128 372
128 419
129 372
130 395
131 365
131 388
132 395
133 395
133 396
134 383
134 432
135 378
135 390
136 370
136 429
137 377
137 404
138 405
138 420
139 420
140 366
140 389
141 366
142 366
142 422
143 378
143 387
144 377
144 393
145 372
145 393
146 382
147 379
147 414
148 366
148 377
149 405
149 407
150 423
150 434
151 423
152 376
152 380
153 432
154 369
155 369
156 376
157 371
158 409
159 410
160 427
161 425
162 410
163 394
164 372
165 365
166 367
167 376
168 415
169 366
170 418
171 382
172 393
173 366
174 379
175 389
176 367
177 366
178 383
179 415
180 378
181 432
182 367
183 374
184 366
185 369
186 388
187 440
188 382
189 365
190 367
191 388
192 366
193 437
194 377
195 377
196 366
197 394
198 394
199 394
200 419
201 369
202 419
203 393
204 367
205 365
206 409
207 366
208 367
209 369
210 419
211 424
212 367
213 369
214 366
215 405
216 367
217 384
218 366
219 369
220 375
221 365
222 418
223 401
224 395
225 395
226 369
227 423
228 368
229 369
230 368
231 365
232 390
233 446
234 396
235 376
236 369
237 376
238 393
239 376
240 400
241 366
242 366
243 377
244 377
245 377
246 377
247 386
248 405
249 369
250 366
251 369
252 376
253 376
254 376
255 376
256 376
257 376
258 376
259 376
260 366
261 376
262 376
263 376
264 376
265 376
266 376
267 376
268 376
269 376
270 366
271 420
272 404
273 404
274 404
275 368
276 392
277 392
278 392
279 392
280 402
281 366
282 399
283 399
284 399
285 399
286 390
287 406
288 406
289 406
290 367
291 387
292 387
293 387
294 387
295 398
296 388
297 388
298 434
299 366
300 366
301 366
302 366
303 366
304 366
305 366
306 366
307 366
308 366
309 366
310 366
311 366
312 366
313 378
314 378
315 366
316 378
317 378
318 378
319 378
320 385
321 422
322 419
323 366
324 365
325 365
326 365
327 365
328 365
329 393
330 366
331 370
332 370
333 370
334 382
335 382
336 382
337 382
338 382
339 410
340 366
341 394
342 394
343 391
344 401
345 401
346 401
347 401
348 401
349 407
350 409
351 366
352 380
353 380
354 380
355 389
356 389
357 389
358 389
359 389
360 377
361 367
362 413
363 378
364 373
