253 427
0 192
0 193
0 194
0 195
0 197
0 203
0 226
0 234
1 192
1 194
1 195
1 196
1 199
1 200
1 201
1 202
1 204
1 205
1 214
1 219
1 221
1 225
1 233
1 247
1 248
2 192
2 198
2 200
2 201
2 202
2 209
2 210
2 211
2 213
2 217
2 219
2 221
2 226
2 232
2 239
2 251
3 198
3 204
3 209
3 226
4 192
4 194
4 195
4 196
5 195
5 199
5 200
5 202
5 204
5 205
5 206
5 212
5 232
5 252
6 192
6 193
6 201
6 202
6 205
6 212
6 231
6 249
7 208
7 216
8 192
8 195
8 197
8 205
8 214
9 199
9 200
9 201
9 202
9 204
9 209
9 210
9 211
9 214
9 218
9 227
9 241
10 192
10 194
10 203
10 225
11 192
11 193
11 195
11 197
12 193
12 195
12 197
12 199
12 200
12 202
12 203
12 206
12 207
12 209
12 212
12 221
12 227
13 192
13 194
13 201
13 211
13 225
13 229
14 192
14 195
14 204
14 207
14 209
15 192
15 193
15 194
15 195
15 196
16 193
16 196
16 201
17 196
17 210
17 218
17 242
18 197
18 203
18 207
18 220
19 200
19 201
19 208
19 222
19 224
19 244
19 245
19 246
20 192
20 199
20 201
20 202
20 206
20 212
20 213
20 225
21 194
21 195
21 208
21 213
21 214
22 199
22 201
22 205
23 200
23 207
24 192
24 194
24 195
24 206
25 198
25 215
26 195
26 229
27 217
28 195
28 200
28 203
28 205
29 206
29 218
29 222
29 224
29 241
30 200
30 202
30 250
31 199
31 200
31 202
31 219
32 192
32 193
32 198
33 192
33 199
33 202
33 211
33 240
34 196
34 210
34 211
35 194
36 192
36 197
36 222
37 193
37 228
38 192
38 213
38 214
39 196
40 223
40 225
40 237
41 192
41 194
41 195
41 201
42 192
42 196
42 197
42 204
43 192
43 193
43 199
43 200
43 230
44 218
44 226
44 235
45 199
45 206
46 200
46 202
47 192
47 204
48 195
48 198
48 204
48 216
49 193
49 194
49 215
50 193
51 206
51 223
51 228
52 201
52 212
53 196
53 204
53 209
53 215
54 197
54 211
55 196
55 210
55 211
56 200
57 206
57 230
58 210
59 193
59 194
60 207
61 202
62 192
62 194
63 219
64 196
65 193
65 201
66 201
66 210
66 213
67 192
67 200
67 207
68 192
68 194
69 193
69 195
70 203
70 223
70 237
71 211
71 230
72 192
72 197
72 214
73 196
74 205
75 192
76 193
76 203
77 203
78 195
78 201
79 200
80 199
81 207
81 215
82 192
82 196
83 201
84 224
85 194
85 212
86 199
87 199
87 200
88 222
88 243
89 202
89 240
90 197
90 200
91 212
91 229
92 196
92 201
93 192
93 236
94 198
95 227
95 238
96 206
96 217
97 192
97 229
98 209
99 206
99 207
100 194
100 196
101 200
101 215
102 209
103 196
103 209
104 192
104 228
105 196
105 201
106 208
106 216
107 206
107 220
108 195
109 211
110 210
111 214
112 204
113 202
114 218
115 194
116 195
117 206
118 196
119 192
120 194
121 194
122 213
123 192
124 202
125 215
126 201
127 193
128 236
129 192
130 223
131 222
132 214
133 219
134 198
135 199
136 192
137 221
138 204
139 192
140 198
141 201
142 210
143 218
144 227
145 207
146 194
147 207
148 207
149 203
150 196
151 238
152 199
153 192
154 211
155 200
156 192
157 195
158 215
159 196
160 193
161 239
162 218
163 193
164 215
165 215
166 196
167 192
168 193
169 194
170 214
171 193
172 198
173 207
174 196
175 213
176 225
177 219
178 196
179 196
180 204
181 197
182 203
183 193
184 202
185 193
186 199
187 192
188 192
189 193
190 197
191 228
