414 763
0 308
0 309
0 310
0 311
0 314
0 316
0 317
0 320
0 322
0 325
0 329
0 330
0 331
0 334
0 338
0 342
0 374
0 385
1 308
1 313
1 318
1 323
1 328
1 332
1 334
1 339
1 340
1 341
1 343
1 345
1 349
1 352
1 360
1 361
1 367
1 372
1 378
1 381
1 382
1 383
1 387
1 394
2 308
2 312
2 313
2 315
2 316
2 318
2 319
2 321
2 322
2 323
2 329
2 332
2 333
2 336
2 341
2 347
2 348
2 354
2 363
2 373
2 376
2 388
2 395
3 308
3 324
4 308
4 315
4 356
5 308
5 309
5 316
5 319
5 321
5 322
5 323
5 326
5 332
5 336
5 341
5 351
5 352
5 360
5 366
5 367
5 384
5 386
5 389
6 308
6 309
6 313
6 315
6 316
6 317
6 318
6 319
6 320
6 322
6 325
6 334
6 353
6 358
7 308
7 312
7 313
7 315
7 319
7 323
7 328
7 330
7 332
7 333
7 339
7 352
7 359
7 361
7 368
8 310
8 320
8 322
8 329
8 338
8 342
8 344
8 349
8 364
9 313
9 317
9 326
9 334
9 345
9 346
9 347
9 361
9 362
9 410
9 413
10 309
10 310
10 312
10 317
10 318
10 322
10 325
10 326
10 335
10 350
10 358
10 379
10 411
10 412
11 308
11 309
11 315
11 316
11 317
11 321
11 322
11 333
11 371
12 308
12 309
12 314
12 315
12 317
12 320
12 321
12 322
12 325
12 330
12 360
12 365
12 366
12 370
12 378
12 393
13 308
13 309
13 318
13 321
13 326
13 332
13 335
13 346
13 357
13 384
13 392
14 309
14 312
14 321
14 323
14 327
14 332
14 353
14 358
14 363
14 368
14 371
15 310
15 311
15 314
15 317
15 318
15 335
15 389
16 308
16 311
16 318
16 322
17 311
17 321
18 313
18 323
18 334
18 340
18 341
18 343
18 354
18 396
19 308
19 315
19 316
19 319
19 322
19 323
19 328
19 329
19 343
19 348
19 363
19 396
20 308
20 315
20 336
20 337
20 358
21 309
21 321
21 325
21 327
22 308
22 403
23 316
23 318
23 322
23 325
23 332
23 334
23 343
23 345
23 353
23 364
24 308
24 313
24 315
24 325
24 328
24 334
24 341
24 370
24 378
25 309
25 312
25 314
25 327
25 328
25 340
25 371
25 379
25 392
25 405
26 308
26 309
26 312
26 315
26 318
26 346
26 356
27 313
27 328
27 334
27 335
27 354
27 376
27 394
28 327
29 308
29 324
29 355
30 309
30 326
30 391
31 317
31 318
32 308
32 315
32 324
32 355
32 360
33 309
33 311
33 318
33 334
33 367
33 369
33 379
34 308
34 309
34 315
34 324
35 310
35 312
35 315
35 337
35 348
35 351
35 360
36 313
36 340
36 345
36 346
36 347
36 357
36 364
37 308
38 309
38 311
38 313
38 324
38 346
38 355
38 406
39 312
39 327
39 336
40 309
40 317
40 325
40 340
40 354
40 370
40 378
40 380
41 308
41 313
41 315
41 324
41 332
41 343
42 308
42 318
42 319
42 328
42 360
42 387
43 324
44 312
44 321
44 336
44 348
45 331
46 309
46 312
46 335
46 336
47 308
47 320
47 322
48 319
48 327
48 343
49 308
49 313
49 317
49 334
49 408
50 309
50 312
50 316
50 318
50 319
50 328
50 348
51 309
51 316
51 318
51 321
51 356
51 404
52 313
52 316
52 319
52 321
52 353
53 308
53 312
53 315
53 321
53 337
54 315
54 335
54 337
55 308
55 309
55 319
56 309
56 314
56 325
56 326
57 322
57 349
57 380
57 395
58 317
58 334
59 308
60 308
61 321
61 323
61 327
61 336
61 393
62 311
62 317
62 322
62 407
62 409
63 309
63 318
63 334
63 369
63 379
64 327
65 308
65 323
65 337
66 318
66 326
66 350
66 383
67 311
67 331
67 359
67 363
68 322
68 331
69 323
70 313
70 345
70 397
71 310
71 329
72 310
72 331
73 308
73 309
73 326
73 376
74 312
74 322
74 352
75 309
76 315
76 319
77 308
77 317
77 399
78 312
78 329
79 312
79 313
79 327
80 309
80 320
81 309
82 308
82 312
82 319
83 344
84 336
84 367
85 313
85 362
85 364
86 308
86 319
86 325
87 320
87 329
88 332
88 354
88 401
89 317
89 318
89 325
90 309
90 325
91 308
91 324
92 308
92 315
92 337
93 314
93 338
93 349
94 344
94 365
94 397
95 316
95 341
95 355
96 334
96 345
96 371
97 308
97 313
98 313
98 390
99 308
99 309
99 316
100 311
100 331
100 341
101 308
102 316
103 316
103 375
104 321
105 316
106 323
106 333
107 316
107 345
108 308
108 377
109 349
109 402
110 320
110 365
111 308
111 309
112 326
113 308
113 360
114 312
114 386
115 308
116 332
117 309
117 328
118 357
119 308
119 332
120 319
120 345
121 309
122 314
122 325
123 391
123 400
124 359
125 325
125 364
126 312
126 336
127 319
128 308
129 319
130 315
130 376
131 357
131 386
132 309
133 309
134 309
135 366
135 385
136 310
136 329
137 309
137 331
138 308
138 331
139 309
139 355
140 308
140 309
141 308
141 316
142 308
142 331
143 308
144 322
145 309
145 321
146 368
146 398
147 308
147 324
148 308
148 312
149 330
149 357
150 329
151 308
152 353
153 353
154 332
155 317
156 309
157 337
158 332
159 338
160 325
161 315
162 353
163 337
164 377
165 364
166 309
167 312
168 316
169 309
170 308
171 308
172 316
173 335
174 312
175 337
176 318
177 343
178 313
179 368
180 322
181 325
182 312
183 309
184 327
185 317
186 366
187 308
188 380
189 311
190 352
191 309
192 363
193 335
194 329
195 325
196 343
197 312
198 308
199 322
200 309
201 373
202 353
203 317
204 313
205 312
206 339
207 347
208 359
209 309
210 312
211 309
212 319
213 321
214 312
215 309
216 321
217 349
218 350
219 316
220 313
221 346
222 316
223 309
224 309
225 329
226 314
227 316
228 308
229 319
230 329
231 321
232 308
233 331
234 355
235 346
236 309
237 309
238 377
239 331
240 309
241 309
242 346
243 309
244 309
245 309
246 321
247 309
248 309
249 309
250 309
251 309
252 319
253 335
254 309
255 321
256 390
257 324
258 317
259 311
260 341
261 308
262 320
263 316
264 316
265 316
266 357
267 312
268 331
269 326
270 359
271 309
272 332
273 309
274 318
275 329
276 312
277 316
278 312
279 340
280 332
281 308
282 308
283 327
284 323
285 326
286 377
287 309
288 350
289 308
290 375
291 326
292 309
293 309
294 325
295 333
296 309
297 332
298 322
299 341
300 308
301 322
302 312
303 346
304 329
305 375
306 328
307 384
