266 671
0 236
0 237
0 238
0 239
0 240
0 241
0 242
0 244
0 245
0 246
0 248
0 249
0 250
0 251
0 252
0 254
0 256
0 257
0 259
0 260
1 237
1 238
1 239
1 240
1 241
1 242
1 243
1 244
1 245
1 246
1 247
1 249
1 251
1 252
1 254
1 262
2 236
2 237
2 238
2 239
2 240
2 241
2 242
2 243
2 244
2 245
2 246
2 249
2 250
2 251
2 252
3 236
3 237
3 238
3 240
3 244
3 245
3 246
3 248
3 250
3 251
3 252
3 254
3 260
4 236
4 238
4 239
4 240
4 241
4 242
4 243
4 244
4 245
4 247
4 248
4 251
4 256
5 236
5 238
5 239
5 244
5 246
5 247
5 248
5 249
5 251
5 252
5 253
5 257
5 265
6 236
6 237
6 238
6 239
6 242
6 244
6 245
6 247
6 248
6 250
6 254
7 236
7 237
7 238
7 239
7 240
7 241
7 242
7 244
7 245
7 248
8 236
8 237
8 238
8 239
8 241
8 242
8 243
8 244
8 247
8 248
9 236
9 238
9 239
9 240
9 241
9 242
9 243
9 244
9 245
9 247
10 236
10 239
10 240
10 241
10 242
10 244
10 245
10 247
10 248
10 254
11 236
11 237
11 238
11 239
11 240
11 242
11 243
11 251
11 256
12 236
12 237
12 238
12 240
12 243
12 247
12 251
12 252
12 256
13 236
13 241
13 249
13 251
13 253
13 254
13 257
13 261
14 237
14 238
14 240
14 241
14 242
14 246
14 250
15 236
15 238
15 239
15 241
15 244
15 248
15 253
16 236
16 238
16 239
16 240
16 241
16 242
16 243
17 236
17 237
17 239
17 240
17 241
17 249
17 254
18 236
18 238
18 239
18 240
18 242
18 243
18 245
19 236
19 238
19 240
19 243
19 245
19 247
19 255
20 236
20 237
20 238
20 239
20 240
20 243
20 251
21 237
21 239
21 241
21 244
21 246
21 248
22 238
22 240
22 241
22 242
22 243
22 261
23 236
23 238
23 239
23 240
23 247
23 253
24 238
24 239
24 240
24 242
24 244
24 246
25 236
25 238
25 239
25 241
25 245
25 247
26 238
26 239
26 240
26 241
26 245
26 248
27 236
27 239
27 241
27 247
27 249
27 255
28 237
28 238
28 239
28 240
28 241
28 242
29 236
29 237
29 238
29 239
29 240
29 249
30 236
30 237
30 238
30 243
30 249
30 258
31 236
31 237
31 240
31 241
31 259
32 236
32 237
32 238
32 239
32 240
33 236
33 238
33 239
33 240
33 247
34 236
34 238
34 240
34 242
34 243
35 237
35 238
35 242
35 246
35 250
36 236
36 237
36 238
36 239
36 242
37 238
37 240
37 245
37 252
37 256
38 237
38 238
38 239
38 241
38 242
39 236
39 237
39 239
39 241
39 258
40 236
40 237
40 238
40 239
40 242
41 236
41 237
41 240
41 251
41 260
42 236
42 243
42 246
42 252
43 239
43 240
43 241
43 248
44 240
44 241
44 246
44 247
45 237
45 244
45 246
45 250
46 236
46 238
46 240
46 241
47 236
47 239
47 253
47 255
48 236
48 239
48 241
48 253
49 240
49 242
49 243
49 249
50 236
50 241
50 246
50 251
51 236
51 237
51 249
51 250
52 238
52 239
52 240
52 242
53 239
53 240
53 245
53 247
54 236
54 239
54 250
54 253
55 236
55 241
55 243
55 254
56 238
56 240
56 243
56 245
57 238
57 239
57 242
57 245
58 238
58 239
58 240
58 247
59 237
59 238
59 245
59 252
60 238
60 240
60 242
60 245
61 237
61 246
61 250
61 264
62 236
62 238
62 241
62 248
63 240
63 241
63 245
63 263
64 239
64 243
64 248
65 237
65 241
65 250
66 236
66 244
66 255
67 237
67 249
67 251
68 236
68 246
68 248
69 236
69 241
69 249
70 238
70 241
70 242
71 238
71 244
71 245
72 236
72 241
72 243
73 244
73 246
73 252
74 243
74 249
74 258
75 240
75 243
75 258
76 236
76 239
76 248
77 236
77 237
77 248
78 239
78 241
78 253
79 236
79 238
79 242
80 236
80 239
80 240
81 241
81 252
81 254
82 237
82 238
82 252
83 238
83 244
83 247
84 237
84 244
85 237
85 250
86 237
86 259
87 236
87 241
88 238
88 240
89 237
89 238
90 239
90 241
91 237
91 239
92 237
92 259
93 237
93 239
94 239
94 245
95 236
95 237
96 237
96 240
97 239
97 244
98 238
98 244
99 240
99 243
100 237
100 250
101 241
101 249
102 247
102 249
103 250
103 251
104 244
104 246
105 238
105 239
106 238
106 245
107 236
107 253
108 236
108 238
109 240
109 243
110 236
110 248
111 238
111 242
112 236
112 241
113 236
113 255
114 244
114 248
115 236
115 246
116 236
116 238
117 244
117 246
118 236
118 250
119 238
119 239
120 250
120 251
121 237
121 246
122 238
122 245
123 238
123 245
124 237
125 237
126 237
127 248
128 250
129 237
130 244
131 238
132 237
133 236
134 253
135 236
136 238
137 239
138 239
139 241
140 239
141 236
142 236
143 238
144 237
145 237
146 237
147 239
148 255
149 237
150 238
151 239
152 241
153 237
154 252
155 241
156 239
157 239
158 237
159 237
160 240
161 239
162 242
163 242
164 246
165 238
166 237
167 239
168 255
169 239
170 253
171 237
172 238
173 254
174 238
175 240
176 236
177 236
178 243
179 236
180 243
181 236
182 249
183 237
184 247
185 247
186 238
187 257
188 240
189 242
190 237
191 238
192 237
193 239
194 237
195 237
196 236
197 236
198 237
199 237
200 238
201 237
202 237
203 239
204 238
205 246
206 237
207 238
208 238
209 240
210 239
211 251
212 236
213 239
214 237
215 252
216 237
217 237
218 236
219 241
220 252
221 236
222 237
223 246
224 250
225 237
226 249
227 237
228 236
229 249
230 251
231 237
232 236
233 236
234 238
235 238
