364 567
0 273
0 274
0 279
0 281
0 282
0 290
0 291
0 293
0 295
0 296
0 311
0 331
0 339
0 344
0 346
0 360
1 274
1 275
1 277
1 278
1 282
1 283
1 285
1 286
1 288
1 293
1 296
1 298
1 300
1 305
1 323
2 274
2 278
2 279
2 280
2 282
2 287
2 291
2 297
2 303
2 306
2 320
2 322
2 327
2 329
2 341
3 274
3 277
3 278
3 286
3 287
3 288
3 292
3 293
3 303
3 306
3 331
3 342
3 362
4 279
4 285
4 286
4 294
4 299
4 303
4 307
4 318
4 319
4 332
4 352
5 274
5 277
5 284
5 286
5 287
5 293
5 294
5 306
5 307
5 321
6 285
6 288
6 317
6 319
6 323
6 324
6 329
6 330
6 332
6 338
7 273
7 280
7 282
7 284
7 298
7 305
7 328
7 340
7 358
8 274
8 290
8 295
8 299
8 305
8 322
8 327
8 333
9 278
9 291
9 311
9 325
9 326
9 331
9 355
9 357
10 272
10 278
10 289
10 292
10 297
10 325
10 336
10 339
11 274
11 278
11 284
11 286
11 288
11 300
11 335
12 277
12 286
12 288
12 298
12 323
12 324
12 351
13 274
13 275
13 277
13 288
13 307
13 319
13 330
14 273
14 287
14 290
14 291
14 295
14 297
14 341
15 273
15 274
15 279
15 280
15 308
15 317
16 276
16 278
16 291
16 296
16 300
16 354
17 273
17 279
17 290
17 299
17 314
17 356
18 274
18 283
18 284
18 289
18 336
18 349
19 273
19 274
19 300
19 320
19 333
20 277
20 293
20 317
20 319
20 329
21 275
21 276
21 283
21 302
21 304
22 274
22 281
22 300
22 306
22 327
23 272
23 273
23 276
23 302
23 310
24 277
24 278
24 284
24 291
24 320
25 273
25 274
25 281
25 315
25 316
26 277
26 279
26 294
26 301
26 334
27 274
27 277
27 287
27 294
27 303
28 273
28 282
28 285
28 296
28 298
29 273
29 293
29 311
29 347
30 272
30 282
30 296
30 309
31 272
31 275
31 282
31 309
32 275
32 283
32 289
32 298
33 272
33 275
33 283
33 302
34 282
34 283
34 309
34 363
35 279
35 293
35 301
35 313
36 273
36 275
36 285
36 320
37 273
37 306
37 311
37 343
38 277
38 294
38 335
38 353
39 291
39 311
39 313
39 315
40 274
40 278
40 312
40 325
41 275
41 299
41 314
42 273
42 291
42 297
43 275
43 278
43 292
44 272
44 275
44 283
45 272
45 273
45 318
46 276
46 278
46 285
47 274
47 281
47 316
48 274
48 290
48 300
49 273
49 326
49 337
50 278
50 289
50 292
51 277
51 286
51 294
52 281
52 290
52 308
53 274
53 294
53 348
54 278
54 289
55 289
55 292
56 273
56 280
57 272
57 276
58 279
58 286
59 324
59 330
60 275
60 305
61 278
61 292
62 273
62 290
63 276
63 284
64 281
64 296
65 337
65 361
66 275
66 281
67 273
67 301
68 299
68 314
69 279
69 318
70 281
70 287
71 302
71 304
72 274
72 277
73 274
73 277
74 275
74 276
75 272
75 276
76 284
76 285
77 288
77 345
78 316
78 326
79 282
79 309
80 273
80 274
81 282
81 291
82 272
82 275
83 281
83 287
84 281
84 299
85 280
85 284
86 286
86 307
87 272
87 280
88 279
88 301
89 273
89 359
90 295
90 350
91 280
92 298
93 273
94 303
95 304
96 273
97 272
98 298
99 273
100 275
101 273
102 306
103 284
104 312
105 287
106 272
107 290
108 295
109 275
110 272
111 328
112 275
113 272
114 276
115 276
116 281
117 294
118 300
119 273
120 289
121 292
122 289
123 338
124 315
125 286
126 275
127 301
128 308
129 272
130 275
131 312
132 282
133 298
134 272
135 279
136 304
137 297
138 280
139 307
140 276
141 275
142 310
143 310
144 296
145 273
146 290
147 313
148 308
149 272
150 284
151 272
152 310
153 280
154 318
155 278
156 316
157 295
158 315
159 302
160 313
161 328
162 287
163 277
164 274
165 285
166 321
167 274
168 286
169 310
170 314
171 292
172 303
173 321
174 296
175 273
176 301
177 293
178 282
179 275
180 274
181 295
182 283
183 295
184 276
185 287
186 317
187 284
188 280
189 305
190 340
191 299
192 288
193 273
194 280
195 288
196 272
197 289
198 305
199 273
200 287
201 301
202 272
203 283
204 272
205 274
206 273
207 293
208 283
209 272
210 276
211 279
212 285
213 292
214 283
215 297
216 297
217 272
218 285
219 276
220 281
221 322
222 272
223 275
224 276
225 272
226 276
227 275
228 334
229 275
230 276
231 272
232 285
233 272
234 308
235 288
236 279
237 274
238 272
239 272
240 272
241 284
242 272
243 272
244 272
245 302
246 312
247 302
248 272
249 304
250 304
251 309
252 276
253 272
254 272
255 272
256 272
257 272
258 272
259 272
260 283
261 289
262 272
263 280
264 276
265 275
266 277
267 274
268 275
269 274
270 297
271 273
