103 193
0 63
0 64
0 66
0 68
0 69
0 70
0 71
0 72
0 73
0 76
0 81
0 82
0 84
0 87
0 93
0 101
1 62
1 63
1 65
1 70
1 72
1 76
1 77
1 83
1 84
1 86
1 91
1 92
1 93
1 95
1 96
2 63
2 65
2 68
2 72
2 77
2 80
2 83
2 87
2 94
3 62
3 64
3 65
3 67
3 69
3 70
3 78
3 89
4 65
4 71
4 72
4 73
4 76
4 77
4 79
4 84
5 62
5 63
5 66
5 67
5 68
5 81
5 91
6 62
6 66
6 67
6 75
6 82
6 100
7 64
7 67
7 73
7 80
7 88
7 102
8 62
8 69
8 70
8 73
8 89
9 63
9 64
9 71
9 72
9 76
10 62
10 64
10 69
10 70
11 65
11 70
11 73
11 85
12 63
12 75
12 86
12 90
13 65
13 67
13 79
13 82
14 67
14 69
14 77
14 81
15 62
15 65
15 69
15 98
16 67
16 68
16 73
16 79
17 62
17 65
17 69
18 66
18 74
18 75
19 64
19 65
19 67
20 69
20 81
20 82
21 62
21 66
21 69
22 62
22 66
22 69
23 64
23 78
23 80
24 64
24 72
24 83
25 63
25 71
25 76
26 62
26 65
26 75
27 64
27 71
27 97
28 86
28 90
28 99
29 67
29 68
29 88
30 66
30 75
31 78
31 80
32 66
32 74
33 63
33 74
34 63
34 64
35 65
35 79
36 63
36 83
37 67
37 68
38 63
38 68
39 74
40 71
41 62
42 66
43 66
44 68
45 62
46 74
47 78
48 78
49 85
50 64
51 85
52 62
53 77
54 80
55 63
56 92
57 63
58 68
59 68
60 79
61 64
