177 356
0 97
0 98
0 99
0 100
0 101
0 104
0 105
0 106
0 108
0 112
0 113
0 114
0 115
0 116
0 117
0 118
0 119
0 122
0 129
0 130
0 131
0 133
0 135
0 136
0 137
0 140
0 144
0 145
0 148
0 149
0 151
0 154
0 173
0 174
1 97
1 98
1 101
1 107
1 111
1 121
1 125
1 134
1 136
1 140
1 141
1 142
1 147
1 152
1 158
1 160
1 166
1 167
1 170
1 171
1 172
1 176
2 98
2 101
2 102
2 106
2 111
2 112
2 114
2 115
2 122
2 129
2 130
2 133
2 142
2 145
2 146
2 147
2 148
2 150
2 153
2 156
2 159
3 97
3 98
3 99
3 102
3 103
3 105
3 109
3 110
3 114
3 116
3 118
3 119
3 128
3 143
3 175
4 97
4 98
4 99
4 100
4 103
4 105
4 117
4 119
4 123
4 127
4 131
4 143
4 163
5 97
5 98
5 99
5 102
5 103
5 108
5 109
5 118
5 120
5 128
5 149
5 152
5 162
6 97
6 101
6 102
6 103
6 104
6 107
6 113
6 126
6 131
6 137
6 151
7 97
7 99
7 100
7 103
7 105
7 109
7 120
7 121
7 144
8 98
8 102
8 110
8 116
8 125
8 138
8 139
8 144
8 150
9 97
9 98
9 100
9 107
9 109
9 114
9 128
9 139
10 98
10 102
10 116
10 118
10 125
10 127
10 138
10 139
11 98
11 104
11 106
11 111
11 112
11 114
11 117
11 124
12 97
12 98
12 99
12 102
12 108
12 118
12 128
13 97
13 99
13 100
13 107
13 109
13 121
13 134
14 98
14 102
14 106
14 110
14 113
14 116
14 120
15 98
15 101
15 103
15 113
15 126
15 133
15 137
16 98
16 102
16 108
16 109
16 110
16 120
17 115
17 126
17 131
17 140
17 141
17 142
18 97
18 99
18 100
18 103
18 121
19 101
19 104
19 106
19 129
19 146
20 97
20 98
20 106
20 124
20 143
21 97
21 100
21 105
21 119
22 97
22 99
22 100
22 105
23 99
23 108
23 134
23 157
24 110
24 113
24 122
24 126
25 136
25 138
25 165
25 169
26 105
26 112
26 119
26 132
27 97
27 99
27 100
28 98
28 108
28 135
29 102
29 113
29 168
30 104
30 111
30 129
31 98
31 125
31 164
32 97
32 111
32 125
33 110
33 123
33 124
34 104
34 108
34 112
35 116
35 127
35 161
36 99
36 120
37 97
37 98
38 97
38 99
39 111
39 153
40 99
40 135
41 101
41 115
42 101
42 127
43 97
43 98
44 114
44 155
45 97
45 100
46 100
46 103
47 100
47 121
48 97
48 117
49 98
49 104
50 98
50 117
51 101
51 130
52 104
52 106
53 105
53 132
54 102
55 97
56 107
57 107
58 105
59 102
60 100
61 112
62 109
63 97
64 103
65 103
66 123
67 124
68 123
69 126
70 98
71 123
72 110
73 118
74 101
75 130
76 101
77 97
78 97
79 107
80 107
81 102
82 101
83 101
84 145
85 115
86 115
87 141
88 122
89 117
90 122
91 124
92 104
93 111
94 104
95 106
96 132
