180 374
0 139
0 141
0 143
0 144
0 145
0 146
0 147
0 149
0 150
0 151
0 152
0 153
0 159
0 160
0 172
0 179
1 139
1 140
1 141
1 144
1 145
1 146
1 147
1 149
1 150
1 151
1 154
1 160
1 171
1 175
2 139
2 140
2 141
2 144
2 146
2 147
2 149
2 150
2 154
2 157
2 158
2 161
2 164
2 169
3 139
3 141
3 143
3 144
3 145
3 149
3 151
3 152
3 155
3 157
3 178
4 141
4 142
4 143
4 146
4 155
4 156
4 157
4 163
4 164
4 173
5 139
5 140
5 144
5 145
5 153
5 155
5 158
5 161
5 170
6 147
6 154
6 155
6 156
6 157
6 164
6 169
6 176
7 141
7 153
7 155
7 156
7 159
7 160
7 162
7 167
8 139
8 140
8 141
8 143
8 144
8 146
8 152
8 158
9 139
9 140
9 141
9 143
9 145
9 146
9 149
9 151
10 141
10 143
10 146
10 151
10 152
10 155
10 160
11 139
11 140
11 141
11 143
11 144
11 149
12 142
12 146
12 148
12 150
12 151
12 162
13 152
13 153
13 157
13 159
13 160
13 163
14 147
14 153
14 154
14 161
14 165
14 166
15 139
15 140
15 144
15 146
15 149
15 157
16 144
16 153
16 154
16 155
16 156
17 139
17 140
17 145
17 149
17 158
18 139
18 157
18 168
18 177
19 139
19 145
19 168
19 170
20 139
20 141
20 154
20 161
21 140
21 141
21 144
21 146
22 151
22 152
22 153
22 163
23 143
23 145
23 162
23 163
24 144
24 147
24 154
24 167
25 140
25 144
25 155
25 158
26 139
26 140
26 144
26 158
27 145
27 151
27 156
27 160
28 141
28 145
28 146
28 149
29 139
29 142
29 148
29 150
30 152
30 159
30 161
30 165
31 139
31 140
31 141
31 153
32 147
32 150
32 161
33 147
33 154
33 165
34 145
34 171
34 174
35 140
35 143
35 146
36 140
36 145
36 157
37 141
37 143
37 151
38 140
38 143
38 145
39 142
39 144
39 148
40 143
40 145
40 146
41 141
41 143
41 146
42 141
42 143
42 159
43 140
43 142
43 148
44 139
44 142
44 148
45 151
45 152
45 155
46 139
46 152
46 165
47 151
47 170
48 142
48 146
49 139
49 149
50 147
50 162
51 150
51 163
52 143
52 147
53 139
53 148
54 140
54 148
55 139
55 140
56 140
56 142
57 139
57 142
58 139
58 148
59 140
59 172
60 159
60 165
61 141
61 150
62 141
62 169
63 139
63 154
64 139
64 150
65 150
65 156
66 139
66 142
67 142
67 158
68 140
68 145
69 153
69 167
70 139
70 142
71 140
71 150
72 147
72 154
73 156
73 162
74 141
74 156
75 147
76 140
77 144
78 139
79 168
80 145
81 141
82 139
83 147
84 146
85 163
86 140
87 140
88 142
89 141
90 150
91 148
92 139
93 148
94 140
95 166
96 148
97 139
98 140
99 139
100 139
101 167
102 166
103 166
104 148
105 141
106 142
107 139
108 139
109 153
110 142
111 164
112 142
113 141
114 141
115 139
116 139
117 148
118 139
119 159
120 140
121 149
122 140
123 140
124 164
125 140
126 144
127 139
128 139
129 143
130 139
131 162
132 142
133 151
134 152
135 147
136 139
137 139
138 149
