167 346
0 118
0 119
0 120
0 121
0 122
0 123
0 125
0 127
0 129
0 132
0 133
0 134
0 136
0 138
0 139
0 141
0 142
0 143
0 144
0 146
0 148
0 150
0 153
0 154
0 158
0 162
1 118
1 119
1 120
1 122
1 123
1 124
1 125
1 126
1 127
1 128
1 132
1 136
1 137
1 138
1 139
1 141
1 144
1 146
1 147
1 148
1 151
1 152
1 154
1 156
1 158
1 160
2 118
2 120
2 121
2 123
2 124
2 129
2 136
2 138
2 140
2 141
2 144
2 146
2 149
2 150
2 154
2 157
2 163
3 119
3 120
3 125
3 129
3 134
3 135
3 136
3 145
3 151
3 155
3 159
4 119
4 120
4 128
4 129
4 133
4 134
4 136
4 139
4 142
4 145
4 146
5 119
5 122
5 125
5 127
5 132
5 135
5 138
5 141
5 144
5 155
5 156
6 120
6 122
6 125
6 129
6 130
6 131
6 133
6 143
6 162
7 119
7 120
7 129
7 133
7 134
7 140
7 153
7 157
7 161
8 126
8 132
8 135
8 137
8 142
8 145
8 151
8 156
8 158
9 118
9 119
9 121
9 128
9 130
9 134
9 140
9 142
10 118
10 119
10 127
10 133
10 135
10 139
10 152
11 120
11 122
11 125
11 129
11 132
11 138
11 146
12 120
12 122
12 125
12 132
12 141
12 159
13 119
13 120
13 123
13 125
13 140
13 142
14 118
14 121
14 126
14 127
14 133
14 152
15 121
15 127
15 147
15 155
15 161
16 118
16 122
16 129
16 142
16 149
17 121
17 128
17 129
17 130
17 131
18 128
18 130
18 131
18 137
18 153
19 119
19 124
19 134
19 153
20 127
20 132
20 141
20 149
21 118
21 124
21 126
21 130
22 118
22 119
22 126
22 145
23 118
23 119
23 121
23 128
24 134
24 140
24 149
25 127
25 135
25 165
26 126
26 128
26 137
27 124
27 126
27 128
28 122
28 137
28 145
29 130
29 131
29 143
30 119
30 121
30 123
31 124
31 126
31 130
32 122
32 123
32 131
33 133
33 147
33 152
34 118
34 119
34 124
35 136
35 138
35 154
36 124
36 126
36 130
37 125
37 150
38 127
38 150
39 118
39 119
40 120
40 122
41 123
41 148
42 122
42 140
43 123
43 124
44 130
44 164
45 118
45 129
46 118
46 166
47 119
47 139
48 118
48 123
49 135
49 137
50 124
50 131
51 119
51 148
52 118
52 123
53 126
53 155
54 118
55 132
56 118
57 118
58 119
59 118
60 118
61 136
62 147
63 120
64 122
65 120
66 118
67 123
68 127
69 124
70 118
71 118
72 121
73 138
74 118
75 160
76 118
77 118
78 118
79 118
80 121
81 157
82 118
83 119
84 118
85 135
86 128
87 144
88 121
89 143
90 137
91 118
92 118
93 118
94 119
95 151
96 118
97 128
98 119
99 125
100 143
101 147
102 118
103 118
104 118
105 118
106 118
107 123
108 118
109 139
110 131
111 124
112 119
113 120
114 118
115 118
116 121
117 131
