104 164
0 90
0 92
1 91
1 92
1 93
1 94
1 95
1 96
1 99
1 100
1 101
1 102
2 90
2 91
2 92
2 93
2 95
2 96
3 92
3 93
3 98
3 99
4 91
4 94
4 96
5 93
5 97
5 98
5 99
6 91
6 92
6 93
6 95
7 91
7 93
7 100
8 91
8 92
8 93
8 95
8 98
8 99
8 101
9 91
9 95
10 91
10 100
11 93
12 91
12 95
12 100
13 90
13 91
13 92
13 93
13 95
14 91
14 92
14 93
14 102
15 91
15 100
16 91
16 95
16 100
17 92
18 97
18 98
19 91
19 95
19 97
19 98
20 91
20 92
20 95
21 91
22 90
22 92
23 94
24 97
25 101
26 91
26 95
26 96
26 100
27 97
28 91
28 95
28 100
29 91
30 92
30 97
31 92
32 91
32 95
33 91
34 91
35 91
35 100
36 91
36 103
37 90
37 91
37 96
38 91
39 91
39 96
40 91
40 100
40 102
41 91
42 91
43 92
43 97
43 98
44 91
45 95
46 92
47 95
48 91
49 93
50 92
51 92
52 90
53 92
54 91
55 91
55 95
56 92
56 100
57 91
58 95
59 91
59 95
60 91
61 92
62 91
63 95
64 100
65 91
66 95
67 91
68 92
69 97
70 92
71 92
72 91
73 91
74 91
75 92
76 91
77 92
78 95
79 91
80 91
81 91
82 91
83 92
84 95
85 97
86 91
87 92
88 91
89 91
