712 1121
0 605
0 606
0 609
0 610
0 611
0 612
0 613
0 616
0 621
0 623
0 624
0 625
0 627
0 632
0 634
0 636
0 638
0 640
0 641
0 642
0 645
0 650
0 654
0 657
0 658
1 605
1 606
1 607
1 610
1 611
1 613
1 616
1 618
1 621
1 625
1 626
1 632
1 634
1 640
1 642
1 645
1 655
1 667
2 606
2 609
2 613
2 621
2 625
2 627
2 630
2 632
2 635
2 638
2 640
2 644
2 651
2 655
2 657
2 658
2 662
2 673
2 678
2 692
2 694
3 605
3 607
3 610
3 611
3 613
3 615
3 616
3 621
3 625
3 626
3 643
4 605
4 607
4 609
4 611
4 612
4 616
4 621
4 625
4 628
4 634
4 642
4 645
4 656
4 669
5 605
5 633
5 648
5 653
5 656
5 661
5 676
5 682
5 695
6 612
6 617
6 654
6 679
7 605
7 612
7 621
7 631
7 637
7 645
8 610
8 611
8 614
8 627
8 633
8 658
9 615
10 607
10 616
10 621
10 653
11 617
11 620
11 635
11 672
11 675
11 686
11 692
11 693
11 702
11 708
11 711
12 605
12 610
12 623
13 606
13 608
13 609
13 623
13 627
13 632
13 641
13 646
13 653
14 606
14 610
14 612
14 627
14 634
14 641
15 606
15 607
15 614
15 615
15 628
15 630
15 681
16 605
16 608
16 610
16 614
17 605
17 610
17 620
18 608
18 622
18 628
18 629
18 631
19 605
19 609
19 611
19 615
19 618
19 632
19 640
19 660
19 683
19 706
20 605
20 614
20 622
20 631
21 614
21 620
22 608
22 611
22 613
22 616
22 618
22 625
22 626
22 628
22 632
22 634
22 637
22 640
22 656
23 605
23 606
23 609
23 610
23 612
23 632
24 625
24 638
24 648
24 651
24 657
24 664
24 677
24 688
25 619
25 659
26 605
26 611
26 616
26 618
26 620
26 648
26 668
26 684
26 709
27 605
27 610
27 617
27 627
27 628
27 634
27 655
27 691
28 611
28 626
28 630
29 605
29 622
29 631
30 605
30 610
30 622
31 606
31 607
31 608
31 615
32 605
32 610
33 607
33 612
33 613
33 621
33 628
33 644
33 660
34 606
34 607
34 608
34 618
34 619
34 634
34 665
35 621
35 630
35 644
35 651
35 673
35 696
36 606
36 609
36 612
36 613
36 616
36 626
37 605
37 608
37 611
37 618
37 634
37 637
37 644
37 705
38 608
38 614
38 622
38 630
38 631
39 619
39 620
39 625
39 635
39 649
39 654
39 659
39 668
40 613
41 605
41 647
42 605
42 614
43 613
43 625
43 628
44 605
44 610
44 613
44 636
44 642
45 606
45 607
45 609
46 608
46 612
46 616
46 623
46 626
46 629
46 650
46 666
47 610
47 624
48 609
48 616
48 626
48 627
48 671
49 605
49 614
49 629
50 609
50 617
50 620
50 630
50 697
51 605
51 612
52 605
52 606
52 612
52 617
53 605
53 607
53 614
53 621
53 625
53 640
53 646
54 629
54 630
55 615
55 619
55 685
56 633
57 607
57 626
58 624
58 649
59 607
59 610
59 614
59 621
60 605
60 608
60 631
60 635
60 681
61 610
61 612
61 623
61 636
61 637
62 606
62 609
63 611
64 644
64 674
64 680
65 611
65 638
66 610
66 622
66 647
67 608
67 622
67 623
67 629
68 612
68 624
68 654
69 629
69 653
69 681
69 690
69 700
70 616
71 608
71 615
72 618
72 640
72 660
73 608
74 616
75 605
75 606
75 608
75 626
75 643
75 655
76 611
76 648
77 608
77 632
77 637
77 651
78 605
78 622
78 647
78 663
79 605
79 610
80 605
81 605
81 608
81 610
81 639
82 605
82 606
82 608
82 609
83 662
84 612
84 626
84 656
85 619
85 654
85 710
86 605
86 608
86 613
86 625
87 605
87 608
87 609
87 617
87 618
88 605
88 637
89 606
89 627
90 606
90 618
90 626
90 628
91 627
91 652
92 613
92 621
92 652
92 704
93 609
93 611
93 613
93 618
93 625
94 605
94 626
94 627
94 636
94 637
95 621
95 640
96 646
97 622
97 629
97 639
97 670
98 646
98 649
98 661
99 605
99 614
99 637
100 605
100 636
100 642
101 605
101 608
101 610
101 623
102 618
103 606
103 629
104 605
104 606
104 622
105 608
105 615
105 635
105 683
106 623
107 605
108 605
108 628
108 669
109 644
109 667
110 606
110 642
110 656
111 616
111 619
111 644
112 605
112 609
112 610
113 606
113 628
114 611
114 624
114 687
115 605
115 610
115 661
116 657
116 667
116 678
116 693
117 642
118 632
119 616
119 641
120 606
120 618
120 636
121 611
121 614
121 616
121 642
122 659
123 609
123 615
123 621
124 608
124 613
124 631
124 646
125 607
125 608
125 631
125 635
126 614
126 622
127 608
128 608
128 622
128 641
129 605
129 610
130 605
130 609
130 630
131 605
131 617
132 618
132 642
133 605
133 610
134 629
135 655
136 626
136 682
137 606
137 609
138 624
139 628
139 629
139 632
140 611
141 606
141 609
141 634
142 606
142 608
143 629
143 687
143 701
144 606
144 617
145 619
146 612
147 626
148 609
148 610
149 609
149 641
150 608
150 641
151 612
152 608
152 629
152 630
153 615
153 628
153 629
154 623
155 624
156 626
156 629
156 636
157 609
157 617
157 620
158 605
158 614
159 605
160 608
160 625
160 629
161 639
162 607
163 646
164 612
164 635
164 672
165 622
165 647
165 703
166 622
166 637
166 661
167 664
168 621
168 636
169 608
169 623
169 626
170 620
170 639
171 608
172 639
173 612
173 623
173 628
174 619
174 634
175 613
176 666
177 652
178 605
179 635
179 663
180 635
181 610
182 612
183 608
184 619
184 650
185 665
186 661
187 618
187 637
188 612
189 605
189 608
190 635
190 699
191 623
191 640
192 623
193 612
193 635
194 618
194 637
195 606
195 608
196 662
196 689
197 605
197 631
198 616
198 617
199 626
199 667
200 612
200 623
201 608
201 609
202 608
202 613
203 606
203 658
204 613
204 623
205 619
205 624
206 605
207 618
207 637
208 649
208 651
209 615
210 618
211 616
211 625
212 640
212 684
213 636
214 643
215 630
216 610
217 611
217 656
218 617
219 625
220 618
220 625
221 617
221 698
222 605
223 625
224 625
224 645
225 608
225 624
226 605
226 663
227 609
228 660
229 635
229 663
230 620
231 623
231 646
232 621
233 621
233 625
234 610
234 634
235 607
235 629
236 612
237 608
237 615
238 605
238 707
239 605
239 610
240 608
240 629
241 626
241 650
242 626
243 607
244 635
245 608
245 623
246 623
247 639
248 607
249 668
249 670
250 618
250 643
251 631
252 608
252 646
253 605
253 610
254 631
254 669
255 605
255 618
256 634
256 676
257 615
257 666
258 644
259 607
260 628
260 640
261 608
262 609
262 620
263 612
264 668
265 621
266 605
267 615
268 614
269 606
270 608
271 641
272 618
273 611
274 609
275 634
276 606
277 619
278 605
279 605
280 643
281 668
282 643
283 679
284 621
285 652
286 619
287 627
288 605
289 644
290 606
291 605
292 605
293 619
294 607
295 609
296 609
297 609
298 618
299 612
300 626
301 615
302 633
303 638
304 635
305 613
306 629
307 615
308 611
309 609
310 640
311 609
312 680
313 610
314 614
315 631
316 624
317 613
318 611
319 656
320 628
321 619
322 616
323 611
324 628
325 629
326 611
327 608
328 605
329 615
330 678
331 614
332 640
333 652
334 605
335 638
336 622
337 636
338 619
339 620
340 609
341 636
342 605
343 622
344 626
345 621
346 615
347 624
348 611
349 606
350 628
351 616
352 621
353 629
354 609
355 609
356 627
357 644
358 616
359 634
360 605
361 617
362 628
363 620
364 611
365 605
366 610
367 617
368 609
369 637
370 622
371 608
372 630
373 651
374 628
375 637
376 615
377 628
378 614
379 667
380 636
381 643
382 656
383 616
384 682
385 626
386 633
387 611
388 628
389 628
390 663
391 652
392 616
393 626
394 632
395 644
396 616
397 629
398 612
399 608
400 614
401 605
402 605
403 638
404 605
405 613
406 605
407 608
408 665
409 643
410 619
411 615
412 608
413 614
414 606
415 618
416 609
417 609
418 610
419 607
420 607
421 653
422 670
423 622
424 605
425 614
426 637
427 616
428 618
429 608
430 612
431 630
432 621
433 664
434 623
435 634
436 622
437 605
438 608
439 605
440 612
441 605
442 614
443 635
444 605
445 631
446 605
447 605
448 635
449 609
450 612
451 608
452 643
453 663
454 608
455 616
456 608
457 610
458 628
459 663
460 629
461 610
462 607
463 636
464 605
465 657
466 640
467 624
468 647
469 631
470 616
471 610
472 657
473 659
474 631
475 622
476 608
477 619
478 610
479 622
480 670
481 605
482 672
483 612
484 665
485 605
486 605
487 607
488 608
489 634
490 607
491 657
492 618
493 605
494 627
495 660
496 610
497 605
498 637
499 634
500 610
501 623
502 686
503 629
504 670
505 643
506 608
507 651
508 643
509 605
510 619
511 607
512 607
513 607
514 646
515 621
516 605
517 623
518 608
519 667
520 624
521 608
522 616
523 616
524 628
525 605
526 627
527 634
528 605
529 613
530 619
531 605
532 642
533 628
534 607
535 607
536 620
537 608
538 627
539 645
540 639
541 608
542 631
543 607
544 606
545 608
546 620
547 643
548 608
549 620
550 645
551 619
552 610
553 619
554 605
555 648
556 641
557 605
558 608
559 605
560 639
561 608
562 627
563 614
564 637
565 623
566 605
567 605
568 608
569 627
570 608
571 615
572 618
573 618
574 618
575 627
576 689
577 605
578 605
579 613
580 616
581 616
582 626
583 628
584 605
585 619
586 665
587 630
588 639
589 622
590 639
591 635
592 622
593 639
594 606
595 621
596 607
597 607
598 630
599 606
600 606
601 688
602 630
603 611
604 608
