104 299
0 79
0 80
0 81
0 82
0 83
0 84
0 85
0 86
0 87
0 88
0 89
0 90
0 91
0 93
0 94
0 95
0 96
0 97
1 79
1 80
1 81
1 82
1 83
1 84
1 85
1 86
1 88
1 89
1 90
1 91
1 94
1 95
1 96
1 99
1 100
2 79
2 80
2 81
2 82
2 83
2 84
2 85
2 86
2 87
2 88
2 90
2 91
2 96
2 98
3 79
3 80
3 81
3 82
3 83
3 84
3 87
3 89
3 93
4 79
4 80
4 81
4 82
4 83
4 86
4 87
4 88
4 90
4 94
4 95
4 96
4 97
4 99
5 79
5 80
5 81
5 87
5 89
5 91
5 95
5 97
6 79
6 80
6 83
6 84
6 86
6 88
6 89
6 90
6 91
6 95
6 99
6 100
7 79
7 80
7 81
7 82
7 89
7 93
7 97
7 98
8 79
8 80
8 81
8 85
8 87
8 89
8 93
9 79
9 80
9 81
9 82
9 84
9 85
9 86
9 90
9 93
9 103
10 79
10 80
10 82
10 83
10 85
10 86
10 87
10 89
11 79
11 81
11 82
11 87
11 91
12 79
12 80
12 81
12 89
12 95
12 101
13 79
13 80
13 82
13 83
13 84
13 85
13 86
14 83
14 85
14 86
14 101
14 102
15 79
15 81
15 87
15 88
15 89
15 90
15 92
15 95
15 96
16 79
16 80
16 82
16 84
16 85
16 93
17 79
17 81
17 82
18 80
18 88
18 89
18 96
19 79
19 80
19 85
20 79
20 81
20 87
21 79
21 80
21 81
21 86
21 89
21 91
21 92
22 79
22 92
22 96
23 79
23 82
23 85
24 79
24 80
24 82
24 93
25 79
25 87
26 85
26 86
27 80
27 81
27 82
27 85
27 86
28 79
28 81
28 82
28 83
29 80
29 81
29 83
29 98
30 79
30 80
30 98
31 79
31 81
32 82
32 83
32 85
33 79
33 83
33 86
33 91
34 83
34 85
35 79
35 81
35 87
36 79
36 84
36 96
37 83
37 86
37 102
38 79
38 80
38 85
38 91
39 79
40 79
40 80
41 83
42 79
43 79
44 80
44 84
44 91
45 80
45 82
45 85
46 84
46 88
47 80
47 85
47 86
47 94
48 79
48 80
49 80
50 79
50 80
50 84
50 95
51 93
52 79
52 81
53 80
53 84
54 81
54 82
54 83
55 81
55 88
56 79
56 85
57 83
57 85
58 81
58 83
59 80
60 80
60 88
61 79
62 81
63 86
64 79
65 82
66 79
67 82
68 86
69 82
70 79
71 79
72 83
73 79
74 82
75 93
76 79
77 80
78 80
