49 106
0 38
0 40
0 42
0 43
0 44
0 47
1 38
1 41
1 42
1 43
1 46
1 47
2 38
2 39
2 40
2 42
2 43
2 45
3 39
3 41
3 43
3 44
3 46
3 47
4 39
4 40
4 42
4 44
4 45
4 48
5 38
5 39
5 40
5 41
5 44
6 38
6 40
6 42
6 43
6 44
7 38
7 39
7 40
7 46
8 38
8 42
8 43
8 47
9 38
9 39
9 43
9 44
10 38
10 39
10 40
10 46
11 38
11 39
11 41
11 45
12 39
12 44
12 45
13 40
13 41
13 42
14 38
14 40
14 41
15 39
15 41
15 46
16 38
16 40
16 42
17 40
17 42
17 48
18 43
18 44
19 41
19 43
20 39
20 40
21 40
21 45
22 38
22 42
23 40
23 46
24 38
24 41
25 38
25 45
26 47
27 41
28 39
29 45
30 38
31 39
32 39
33 41
34 38
35 38
36 41
37 46
