107 456
0 76
0 77
0 78
0 79
0 80
0 81
0 82
0 83
0 84
0 85
0 86
0 88
0 89
0 90
0 91
0 92
0 96
0 97
0 100
0 103
1 76
1 78
1 79
1 80
1 82
1 83
1 84
1 85
1 86
1 87
1 88
1 89
1 90
1 98
1 99
1 101
1 102
1 104
1 106
2 76
2 77
2 78
2 79
2 80
2 81
2 83
2 85
2 86
2 87
2 88
2 89
2 90
2 91
2 92
2 93
2 94
2 101
3 76
3 77
3 78
3 80
3 82
3 83
3 85
3 87
3 88
3 91
3 92
3 93
3 97
3 99
3 100
3 102
4 76
4 77
4 78
4 79
4 83
4 84
4 85
4 86
4 87
4 89
4 90
4 95
4 97
4 98
4 99
4 105
5 76
5 78
5 79
5 82
5 83
5 84
5 85
5 89
5 90
5 91
5 92
5 93
5 97
5 99
5 103
5 105
6 76
6 77
6 78
6 79
6 80
6 81
6 82
6 83
6 85
6 87
6 88
6 90
6 93
6 94
6 95
6 97
7 76
7 77
7 78
7 80
7 81
7 83
7 85
7 86
7 87
7 89
7 91
7 92
7 93
7 94
7 97
7 100
8 76
8 77
8 78
8 79
8 81
8 82
8 83
8 84
8 85
8 89
8 90
8 91
8 95
8 99
8 103
9 76
9 77
9 78
9 79
9 81
9 82
9 83
9 84
9 86
9 88
9 91
9 93
9 98
9 101
9 102
10 76
10 77
10 78
10 80
10 81
10 82
10 83
10 85
10 87
10 89
10 90
10 91
10 94
10 95
11 76
11 77
11 78
11 79
11 83
11 85
11 86
11 87
11 92
11 98
11 99
11 104
11 106
12 79
12 81
12 84
12 87
12 88
12 89
12 93
12 94
12 95
12 98
12 104
12 105
13 76
13 77
13 78
13 79
13 81
13 84
13 87
13 90
13 91
13 94
13 98
13 103
14 76
14 77
14 78
14 79
14 80
14 82
14 83
14 85
14 86
14 88
14 92
14 96
15 76
15 78
15 79
15 81
15 82
15 83
15 87
15 95
15 97
15 103
15 104
16 76
16 78
16 79
16 82
16 83
16 84
16 85
16 92
16 95
16 96
16 106
17 76
17 77
17 79
17 80
17 82
17 87
17 88
17 91
17 93
17 94
17 102
18 76
18 77
18 79
18 80
18 81
18 83
18 84
18 91
18 94
18 100
19 77
19 79
19 80
19 81
19 84
19 87
19 89
19 91
19 93
20 76
20 77
20 79
20 80
20 88
20 90
20 94
20 103
21 77
21 80
21 82
21 90
21 93
21 94
21 97
21 102
22 76
22 77
22 80
22 81
22 84
22 90
22 91
23 76
23 78
23 83
23 89
23 96
23 101
24 77
24 78
24 79
24 81
24 82
24 96
25 76
25 78
25 81
25 88
25 90
25 95
26 76
26 81
26 82
26 85
26 88
26 90
27 77
27 78
27 81
27 85
27 101
28 76
28 78
28 82
28 88
28 98
29 76
29 78
29 83
29 86
29 100
30 78
30 79
30 81
30 85
30 87
31 77
31 79
31 98
31 99
31 101
32 77
32 80
32 81
32 86
32 89
33 78
33 82
33 86
33 96
34 79
34 81
34 86
34 89
35 82
35 84
35 104
35 105
36 82
36 86
36 96
36 101
37 77
37 81
37 88
37 93
38 82
38 96
38 100
38 101
39 79
39 80
39 83
39 92
40 76
40 80
40 95
40 105
41 79
41 84
41 96
42 77
42 84
42 87
43 77
43 78
43 80
44 76
44 77
44 85
45 84
45 88
45 92
46 76
46 83
46 100
47 76
47 89
48 77
48 81
49 84
49 92
50 86
50 97
51 76
51 80
52 80
52 86
53 96
53 99
54 94
54 95
55 79
55 104
56 77
56 81
57 78
57 79
58 76
58 80
59 82
59 87
60 80
60 102
61 82
61 97
62 76
62 86
63 78
63 80
64 98
64 105
65 77
66 84
67 99
68 78
69 80
70 84
71 102
72 100
73 80
74 82
75 92
