110 250
0 82
0 83
0 84
0 85
0 86
0 87
0 88
0 89
0 90
0 92
0 93
0 95
0 97
0 98
0 99
0 100
0 105
0 109
1 82
1 83
1 84
1 87
1 88
1 89
1 92
1 93
1 95
1 97
1 98
1 99
1 101
2 84
2 85
2 87
2 89
2 90
2 94
2 95
2 101
2 104
2 105
3 82
3 86
3 88
3 92
3 93
3 97
3 98
3 103
3 106
4 82
4 83
4 89
4 96
4 98
4 104
4 105
5 82
5 83
5 88
5 89
5 90
5 94
5 102
6 82
6 84
6 86
6 92
6 101
6 107
6 108
7 84
7 86
7 89
7 90
7 96
7 102
8 82
8 84
8 85
8 88
8 90
8 91
9 82
9 83
9 84
9 87
9 88
9 93
10 82
10 85
10 87
10 89
10 90
10 92
11 82
11 83
11 84
11 85
11 86
11 91
12 85
12 86
12 91
12 93
12 100
12 101
13 85
13 89
13 90
13 91
13 94
13 102
14 82
14 86
14 90
14 93
14 95
14 97
15 82
15 83
15 84
15 86
15 100
16 82
16 83
16 86
16 87
16 100
17 82
17 83
17 86
17 90
17 91
18 88
18 89
18 90
18 92
18 97
19 83
19 85
19 87
19 101
20 86
20 91
20 95
20 101
21 82
21 89
21 96
21 102
22 83
22 85
22 97
22 104
23 90
23 94
23 96
23 106
24 82
24 84
24 94
24 95
25 82
25 84
25 92
26 82
26 87
26 88
27 83
27 84
27 96
28 88
28 94
28 99
29 82
29 86
29 97
30 83
30 96
30 98
31 82
31 85
31 91
32 84
32 88
32 92
33 90
33 103
34 87
34 89
35 82
35 90
36 89
36 94
37 88
37 91
38 82
38 88
39 87
39 88
40 82
40 83
41 83
41 91
42 88
42 93
43 82
43 91
44 82
44 89
45 86
45 100
46 82
46 99
47 103
48 85
49 84
50 87
51 87
52 94
53 89
54 98
55 100
56 93
57 93
58 95
59 83
60 96
61 82
62 92
63 82
64 85
65 99
66 82
67 98
68 83
69 87
70 84
71 85
72 82
73 94
74 82
75 85
76 87
77 91
78 99
79 86
80 85
81 92
