68 129
0 51
0 52
0 53
0 55
0 56
0 57
0 58
0 59
0 60
0 61
0 64
0 66
0 67
1 51
1 52
1 53
1 54
1 55
1 56
1 57
1 58
1 59
1 62
1 64
1 65
1 66
2 52
2 53
2 55
2 56
2 58
2 59
2 60
2 61
3 55
3 58
3 59
3 60
3 61
3 62
4 51
4 55
4 56
4 57
4 60
4 64
5 55
5 56
5 59
5 60
5 61
6 55
6 59
6 61
6 66
6 67
7 51
7 52
7 54
7 56
7 57
8 51
8 53
8 54
8 63
9 52
9 53
9 57
9 65
10 55
10 58
10 62
11 51
11 52
11 54
12 55
12 56
12 62
13 51
13 52
13 54
14 56
14 58
14 64
15 51
15 54
16 51
16 54
17 51
17 52
18 51
18 54
19 52
19 55
20 51
20 53
21 51
21 53
22 51
22 57
23 51
23 53
24 54
25 57
26 55
27 55
28 65
29 54
30 52
31 56
32 52
33 54
34 57
35 52
36 54
37 62
38 52
39 52
40 56
41 63
42 63
43 63
44 51
45 53
46 53
47 53
48 53
49 57
50 51
