57 143
0 44
0 45
0 46
0 47
0 48
0 49
0 50
0 51
0 53
1 44
1 46
1 47
1 48
2 44
2 45
2 46
2 48
2 49
2 54
3 44
3 45
3 48
3 49
3 54
4 44
4 45
4 48
4 49
4 50
4 51
5 44
5 45
5 46
5 47
5 48
5 49
6 48
6 49
6 50
6 51
6 52
6 55
6 56
7 44
7 46
7 47
7 48
7 49
8 44
8 47
8 49
9 44
9 45
9 46
9 47
9 49
9 54
10 44
10 49
11 44
11 45
11 46
11 48
11 51
11 53
12 44
12 45
12 46
12 48
13 44
13 45
13 46
13 48
13 49
13 50
13 56
14 44
14 46
14 47
14 48
15 44
15 45
15 46
15 47
15 48
16 44
16 46
16 48
17 44
17 46
17 48
18 44
18 47
18 49
18 51
18 54
19 44
19 45
19 48
20 44
20 45
20 46
20 48
21 44
21 46
21 50
22 44
22 46
22 47
23 44
23 50
23 51
24 44
24 48
25 44
25 45
25 48
25 50
25 55
25 56
26 46
26 53
27 53
28 48
28 52
29 51
29 52
30 46
31 48
32 44
32 54
33 44
33 45
34 44
35 48
36 44
37 48
38 44
39 46
40 48
41 46
42 46
43 53
