144 383
0 105
0 106
0 107
0 108
0 109
0 110
0 111
0 112
0 113
0 114
0 115
0 116
0 117
0 118
0 120
0 122
0 123
0 124
0 127
0 128
0 129
0 130
0 132
0 136
0 143
1 105
1 106
1 107
1 108
1 110
1 111
1 114
1 115
1 116
1 118
1 120
1 124
1 127
1 128
1 133
1 135
2 106
2 107
2 111
2 112
2 114
2 117
2 118
2 120
2 121
2 122
2 124
2 133
2 134
2 136
2 139
3 105
3 107
3 108
3 109
3 113
3 115
3 116
3 123
3 127
3 132
3 138
3 140
4 105
4 106
4 108
4 110
4 111
4 114
4 116
4 122
4 123
4 132
5 105
5 106
5 107
5 110
5 116
5 117
5 121
5 126
5 130
5 137
6 105
6 107
6 108
6 113
6 115
6 117
6 124
6 130
6 132
6 135
7 105
7 107
7 109
7 110
7 113
7 117
7 119
7 122
7 130
7 131
8 108
8 109
8 112
8 113
8 118
8 119
8 126
8 129
8 130
8 133
9 105
9 108
9 109
9 111
9 112
9 116
9 117
9 118
9 119
10 107
10 108
10 109
10 111
10 115
10 116
10 118
10 123
10 134
11 105
11 106
11 107
11 111
11 113
11 115
11 126
11 133
11 142
12 106
12 112
12 115
12 117
12 118
12 119
12 121
12 137
12 141
13 106
13 111
13 113
13 117
13 125
13 126
13 134
13 137
14 105
14 106
14 110
14 118
14 125
14 126
14 127
14 139
15 107
15 110
15 112
15 114
15 120
15 123
15 133
15 136
16 105
16 108
16 109
16 110
16 113
16 114
16 129
16 136
17 105
17 106
17 122
17 125
17 131
17 134
17 137
18 105
18 106
18 110
18 111
18 112
18 113
18 119
19 106
19 107
19 115
19 116
19 117
19 131
19 134
20 105
20 106
20 107
20 112
20 114
20 117
21 105
21 108
21 109
21 112
21 119
21 135
22 108
22 109
22 116
22 130
22 132
22 135
23 107
23 110
23 111
23 120
23 125
24 105
24 110
24 111
24 113
24 129
25 106
25 108
25 118
25 121
25 131
26 107
26 117
26 121
26 125
26 140
27 105
27 111
27 121
27 124
27 131
28 106
28 108
28 115
28 134
29 106
29 109
29 121
29 126
30 116
30 120
30 121
30 128
31 113
31 119
31 124
31 133
32 110
32 112
32 115
32 139
33 110
33 123
33 125
33 127
34 107
34 110
34 119
34 135
35 105
35 107
35 111
36 105
36 114
36 116
37 106
37 108
37 109
38 115
38 128
38 136
39 105
39 107
39 116
40 105
40 113
40 115
41 105
41 119
41 122
42 105
42 107
42 132
43 105
43 106
43 107
44 108
44 109
45 117
45 138
46 114
46 120
47 106
47 114
48 108
48 109
49 105
49 117
50 107
50 109
51 116
51 119
52 114
52 116
53 105
53 110
54 105
54 107
55 106
55 121
56 108
56 115
57 113
57 129
58 126
58 141
59 105
59 128
60 107
60 131
61 118
62 109
63 138
64 112
65 111
66 114
67 115
68 106
69 127
70 129
71 108
72 108
73 122
74 124
75 125
76 105
77 120
78 105
79 109
80 112
81 122
82 105
83 127
84 108
85 110
86 120
87 114
88 118
89 106
90 123
91 111
92 112
93 123
94 122
95 112
96 112
97 106
98 106
99 110
100 114
101 119
102 128
103 113
104 109
