84 145
0 55
0 56
0 57
0 58
0 59
0 60
0 61
0 62
0 63
0 64
0 67
0 68
0 69
0 70
0 72
0 82
1 55
1 56
1 58
1 59
1 60
1 61
1 63
1 66
1 67
1 71
1 74
1 75
1 77
1 80
2 55
2 59
2 63
2 65
2 68
2 72
2 79
2 83
3 55
3 56
3 57
3 58
3 60
3 61
3 66
4 55
4 56
4 58
4 59
4 63
4 78
5 56
5 57
5 58
5 60
5 61
5 73
6 55
6 56
6 59
6 61
6 63
6 65
7 55
7 56
7 57
7 58
7 71
8 55
8 56
8 57
8 58
9 57
9 60
9 61
9 76
10 55
10 56
10 81
11 56
11 58
11 59
12 55
12 58
12 63
13 56
13 57
13 58
14 55
14 56
14 57
15 55
15 57
15 59
16 56
16 57
16 58
17 55
17 56
17 57
18 59
18 64
19 55
19 64
20 59
20 62
21 57
21 59
22 55
22 61
23 56
23 70
24 55
24 69
25 55
25 56
26 62
27 55
28 56
29 60
30 60
31 65
32 55
33 58
34 55
35 60
36 62
37 55
38 55
39 57
40 55
41 60
42 58
43 57
44 59
45 57
46 61
47 61
48 62
49 62
50 55
51 60
52 62
53 56
54 56
