361 918
0 270
0 271
0 272
0 273
0 274
0 275
0 278
0 279
0 280
0 281
0 282
0 283
0 284
0 285
0 286
0 290
0 291
0 292
0 293
0 295
0 297
0 298
0 300
0 302
0 304
0 308
0 319
0 324
0 326
0 327
0 328
0 333
0 335
0 336
0 338
0 345
0 354
1 270
1 271
1 272
1 273
1 274
1 276
1 277
1 278
1 279
1 280
1 282
1 283
1 284
1 285
1 288
1 289
1 290
1 293
1 295
1 296
1 298
1 299
1 302
1 305
1 315
1 318
1 320
1 324
1 333
1 340
1 345
1 352
2 270
2 271
2 272
2 273
2 274
2 275
2 277
2 279
2 280
2 281
2 283
2 285
2 286
2 287
2 288
2 291
2 293
2 295
2 296
2 297
2 300
2 304
2 308
2 316
2 318
2 329
2 340
2 344
2 347
2 349
3 270
3 271
3 272
3 273
3 274
3 275
3 278
3 279
3 280
3 283
3 284
3 286
3 290
3 291
3 292
3 293
3 299
3 302
3 304
3 307
3 312
3 316
3 320
3 321
3 322
3 326
3 330
4 270
4 272
4 274
4 280
4 282
4 283
4 285
4 286
4 287
4 288
4 293
4 295
4 303
4 307
4 308
4 311
4 315
4 320
4 323
4 325
4 334
4 335
5 270
5 271
5 273
5 274
5 275
5 277
5 278
5 279
5 280
5 281
5 283
5 284
5 287
5 288
5 290
5 292
5 293
5 302
5 319
5 320
5 339
6 270
6 271
6 272
6 273
6 274
6 275
6 276
6 277
6 278
6 280
6 282
6 284
6 286
6 288
6 296
6 306
6 342
7 270
7 272
7 274
7 276
7 277
7 278
7 280
7 285
7 286
7 292
7 298
7 300
7 302
7 309
7 319
7 336
8 270
8 271
8 272
8 273
8 274
8 275
8 277
8 279
8 292
8 295
8 300
8 302
8 308
8 312
8 313
9 271
9 272
9 273
9 274
9 275
9 277
9 279
9 280
9 283
9 284
9 286
9 290
9 294
9 295
9 318
10 270
10 271
10 272
10 273
10 276
10 278
10 280
10 282
10 283
10 284
10 286
10 288
10 297
10 330
11 270
11 271
11 272
11 273
11 274
11 275
11 278
11 279
11 286
11 290
11 291
11 306
11 317
12 270
12 271
12 272
12 273
12 274
12 275
12 277
12 281
12 284
12 288
12 290
12 309
12 317
13 270
13 272
13 273
13 275
13 277
13 280
13 287
13 290
13 291
13 292
13 313
13 359
14 270
14 271
14 272
14 273
14 274
14 275
14 285
14 287
14 295
14 298
14 302
14 308
15 270
15 272
15 273
15 274
15 277
15 279
15 280
15 282
15 290
15 291
15 304
15 316
16 272
16 273
16 275
16 280
16 284
16 299
16 306
16 307
16 319
16 350
16 355
17 270
17 276
17 280
17 282
17 285
17 286
17 289
17 313
17 333
17 334
17 346
18 270
18 271
18 272
18 273
18 275
18 280
18 282
18 283
18 288
18 307
18 317
19 270
19 271
19 273
19 275
19 276
19 277
19 278
19 280
19 282
19 290
19 298
20 270
20 271
20 272
20 273
20 276
20 280
20 287
20 291
20 310
20 321
21 270
21 271
21 276
21 277
21 278
21 280
21 283
21 285
21 294
21 299
22 271
22 273
22 275
22 276
22 277
22 278
22 282
22 296
22 303
22 342
23 272
23 274
23 275
23 276
23 278
23 282
23 291
23 296
23 311
23 317
24 272
24 276
24 277
24 279
24 280
24 282
24 283
24 286
24 310
25 271
25 272
25 273
25 275
25 278
25 282
25 294
25 299
25 306
26 270
26 271
26 272
26 274
26 275
26 280
26 286
26 303
26 311
27 270
27 273
27 289
27 296
27 321
27 322
27 344
27 347
28 270
28 271
28 274
28 276
28 277
28 280
28 296
28 325
29 271
29 273
29 274
29 277
29 278
29 281
29 288
29 292
30 271
30 272
30 273
30 275
30 282
30 284
30 339
31 270
31 271
31 272
31 274
31 275
31 284
31 306
32 274
32 310
32 321
32 322
32 348
32 353
32 358
33 273
33 274
33 277
33 278
33 282
33 293
33 307
34 270
34 277
34 291
34 295
34 307
34 308
35 272
35 273
35 275
35 290
35 294
35 306
36 271
36 284
36 289
36 314
36 324
36 327
37 271
37 274
37 279
37 309
37 312
37 318
38 275
38 277
38 278
38 284
38 296
38 314
39 270
39 272
39 276
39 278
39 279
40 271
40 278
40 280
40 288
40 293
41 273
41 274
41 275
41 277
41 292
42 274
42 279
42 282
42 292
42 312
43 280
43 285
43 289
43 301
43 332
44 270
44 271
44 272
44 283
44 289
45 271
45 293
45 327
45 337
45 343
46 271
46 274
46 279
46 281
46 295
47 270
47 272
47 273
47 274
47 275
48 275
48 278
48 284
48 290
48 294
49 271
49 273
49 275
49 278
49 306
50 270
50 271
50 272
50 280
50 323
51 270
51 271
51 272
51 281
51 313
52 270
52 273
52 281
52 298
52 311
53 271
53 272
53 275
53 284
53 312
54 272
54 273
54 323
54 343
55 270
55 273
55 276
55 310
56 270
56 271
56 275
56 279
57 274
57 277
57 281
57 284
58 271
58 297
58 300
58 329
59 273
59 274
59 277
59 299
60 271
60 275
60 276
60 295
61 271
61 276
61 289
61 309
62 271
62 272
62 274
62 288
63 270
63 272
63 288
63 328
64 270
64 271
64 272
64 273
65 270
65 272
65 276
66 272
66 276
66 310
67 274
67 277
67 304
68 273
68 275
68 278
69 270
69 307
69 316
70 275
70 278
70 287
71 289
71 314
71 351
72 281
72 301
72 356
73 279
73 304
73 357
74 276
74 281
74 309
75 274
75 278
75 282
76 274
76 305
76 326
77 279
77 285
77 332
78 270
78 272
78 282
79 270
79 276
79 300
80 271
80 283
80 305
81 273
81 275
81 328
82 271
82 300
82 329
83 275
83 294
83 360
84 271
84 277
84 316
85 273
85 280
85 341
86 277
86 285
86 292
87 279
87 281
87 297
88 270
88 272
88 275
89 270
89 280
89 296
90 270
90 272
90 283
91 287
91 323
92 276
92 287
93 271
93 281
94 270
94 276
95 276
95 293
96 272
96 275
97 305
97 322
98 297
98 311
99 278
99 299
100 270
100 276
101 276
101 309
102 273
102 331
103 272
103 283
104 271
104 274
105 272
105 285
106 274
106 277
107 274
107 298
108 274
108 292
109 279
109 348
110 276
110 280
111 274
111 277
112 272
112 277
113 295
113 330
114 272
114 274
115 273
115 277
116 271
116 279
117 270
117 310
118 287
118 304
119 273
119 278
120 278
120 294
121 281
121 301
122 279
122 281
123 270
123 297
124 275
124 311
125 273
125 287
126 279
126 315
127 273
127 281
128 286
128 346
129 273
129 275
130 281
130 315
131 273
131 305
132 301
133 271
134 291
135 291
136 280
137 270
138 297
139 273
140 275
141 274
142 283
143 281
144 285
145 270
146 270
147 281
148 271
149 270
150 315
151 303
152 299
153 277
154 272
155 281
156 287
157 281
158 276
159 271
160 275
161 276
162 276
163 270
164 277
165 332
166 289
167 278
168 289
169 279
170 296
171 279
172 271
173 278
174 298
175 274
176 325
177 288
178 305
179 338
180 271
181 276
182 270
183 276
184 293
185 279
186 270
187 297
188 271
189 289
190 271
191 273
192 279
193 334
194 286
195 301
196 270
197 331
198 287
199 341
200 271
201 313
202 272
203 274
204 274
205 274
206 270
207 300
208 289
209 276
210 274
211 285
212 270
213 289
214 273
215 337
216 314
217 294
218 314
219 294
220 300
221 294
222 294
223 274
224 273
225 273
226 281
227 283
228 297
229 279
230 272
231 270
232 272
233 270
234 285
235 271
236 331
237 271
238 271
239 303
240 274
241 279
242 276
243 278
244 274
245 276
246 276
247 272
248 271
249 308
250 301
251 276
252 271
253 276
254 270
255 271
256 270
257 305
258 273
259 303
260 299
261 276
262 298
263 270
264 270
265 303
266 301
267 287
268 272
269 276
