97 178
0 38
0 39
0 41
0 43
0 44
0 45
0 48
0 49
0 50
0 51
0 52
0 53
0 54
0 55
0 56
0 58
0 59
0 62
0 63
0 64
0 65
0 66
0 69
0 70
0 72
0 73
0 76
0 80
0 83
0 86
0 87
1 36
1 37
1 38
1 39
1 40
1 41
1 42
1 45
1 49
1 50
1 51
1 54
1 55
1 56
1 57
1 71
1 75
1 89
1 95
2 38
2 40
2 43
2 49
2 50
2 52
2 54
2 57
2 58
2 63
2 65
2 68
2 82
2 85
2 88
2 93
2 94
3 36
3 38
3 39
3 42
3 43
3 50
3 51
3 79
4 38
4 40
4 52
4 56
4 62
4 66
4 68
4 78
5 36
5 37
5 39
5 42
5 44
5 45
5 81
6 37
6 38
6 39
6 40
6 42
6 67
7 39
7 40
7 48
7 52
7 58
7 69
8 36
8 38
8 41
8 45
8 51
9 36
9 37
9 38
9 41
9 59
10 46
10 47
10 91
10 92
11 36
11 41
11 84
11 90
12 43
12 44
12 49
12 60
13 37
13 38
13 44
13 53
14 40
14 46
14 47
14 74
15 36
15 37
15 44
16 36
16 37
16 59
17 40
17 42
17 48
18 36
18 37
18 60
19 36
19 41
19 96
20 36
20 40
20 41
21 38
21 43
21 53
22 37
22 48
22 67
23 46
23 47
23 77
24 36
24 37
24 42
25 37
25 39
26 39
26 61
27 61
27 64
28 36
28 57
29 46
29 47
30 39
31 37
32 43
33 53
34 38
35 55
