111 318
0 80
0 81
0 82
0 83
0 84
0 85
0 86
0 87
0 88
0 89
0 90
0 91
0 92
0 93
0 94
0 95
0 96
0 97
0 99
0 101
0 102
0 110
1 80
1 81
1 82
1 83
1 84
1 85
1 86
1 87
1 89
1 91
1 94
1 95
1 96
2 80
2 82
2 83
2 84
2 86
2 88
2 90
2 91
2 92
2 93
2 95
2 97
2 98
2 102
3 80
3 81
3 82
3 84
3 86
3 87
3 88
3 90
3 91
3 93
3 98
3 101
3 102
4 81
4 82
4 83
4 84
4 85
4 86
4 87
4 88
4 89
4 91
4 96
4 98
5 81
5 82
5 83
5 84
5 85
5 87
5 89
5 96
5 101
5 103
6 80
6 81
6 82
6 84
6 86
6 87
6 88
6 90
7 80
7 81
7 82
7 83
7 86
7 93
7 98
7 99
8 81
8 82
8 83
8 87
8 91
8 94
8 95
8 96
9 80
9 81
9 82
9 83
9 84
9 86
9 87
9 88
9 90
9 92
9 93
9 95
9 97
9 101
9 107
10 80
10 81
10 83
10 84
10 88
10 94
10 99
11 80
11 81
11 83
11 84
11 85
11 88
11 89
11 90
11 92
11 93
11 96
11 99
11 101
11 104
12 80
12 81
12 82
12 83
12 90
12 95
13 80
13 81
13 90
13 92
13 93
13 95
13 97
14 82
14 84
14 86
14 93
15 81
15 82
15 88
15 90
16 84
16 85
16 86
16 89
16 94
17 83
18 81
18 83
18 84
18 88
18 95
19 81
19 88
19 89
19 95
19 100
19 106
20 84
20 85
20 86
20 89
21 82
21 85
21 87
21 96
21 99
22 82
22 84
22 86
22 93
22 105
23 83
23 85
23 91
23 95
23 99
23 108
24 82
24 86
24 87
24 88
24 91
25 82
25 85
25 88
25 91
25 93
25 94
25 95
26 82
26 86
26 87
26 91
26 109
27 80
27 81
27 92
28 80
28 83
29 80
29 81
29 84
30 80
30 81
30 94
30 95
30 97
31 81
31 89
31 90
31 95
31 105
32 96
32 97
32 105
33 81
33 86
33 87
33 100
34 80
34 82
34 87
34 90
34 93
35 85
35 86
35 94
35 99
36 80
36 81
36 83
36 95
37 84
37 96
38 82
38 85
38 86
39 83
39 92
39 97
40 81
40 84
40 89
41 86
41 87
41 89
42 85
42 89
43 81
43 84
43 85
44 85
44 88
45 94
45 104
46 91
47 84
47 85
47 96
48 95
48 102
49 85
50 81
50 96
51 96
52 80
53 81
54 92
55 91
56 97
57 82
58 88
59 84
60 99
61 87
62 94
63 94
64 91
65 80
66 92
67 96
68 94
69 81
70 81
71 80
72 94
73 82
74 80
75 85
76 97
77 80
78 85
79 82
