205 425
0 186
0 187
0 188
0 189
0 190
0 191
0 194
0 196
0 197
0 199
0 200
0 201
0 203
1 187
1 188
1 189
1 190
1 192
1 193
1 194
1 195
1 198
1 201
1 204
2 187
2 188
2 189
2 190
2 192
2 193
2 194
2 195
2 198
3 186
3 187
3 188
3 191
3 192
3 194
3 198
3 199
3 202
4 186
4 187
4 188
4 190
4 191
4 192
4 193
4 195
4 202
5 186
5 187
5 188
5 190
5 191
5 193
5 194
5 195
5 199
6 186
6 187
6 188
6 189
6 190
6 192
6 193
6 195
6 197
7 186
7 187
7 189
7 190
7 191
7 194
7 196
7 200
8 186
8 188
8 189
8 190
8 191
8 194
8 196
8 197
9 186
9 187
9 188
9 189
9 190
9 192
9 193
9 195
10 186
10 187
10 188
10 191
10 192
10 195
10 198
10 199
11 187
11 188
11 191
11 194
11 195
11 196
11 198
12 186
12 187
12 189
12 192
12 195
12 196
12 197
13 186
13 187
13 190
13 191
13 192
13 193
13 195
14 187
14 188
14 189
14 190
14 191
14 194
15 187
15 188
15 190
15 191
15 193
15 194
16 186
16 188
16 189
16 191
16 198
16 199
17 186
17 187
17 188
17 189
17 192
17 195
18 186
18 194
18 196
18 197
18 200
19 187
19 188
19 189
19 190
19 192
20 188
20 189
20 190
20 192
20 201
21 187
21 189
21 190
21 192
21 193
22 186
22 188
22 189
22 194
22 197
23 187
23 188
23 190
23 192
23 195
24 187
24 189
24 190
24 192
25 187
25 188
25 190
25 191
26 187
26 188
26 191
26 192
27 186
27 188
27 189
27 192
28 188
28 192
28 197
28 202
29 186
29 187
29 188
29 189
30 186
30 187
30 188
30 189
31 187
31 188
31 189
31 190
32 186
32 191
32 196
33 186
33 191
33 196
34 186
34 189
34 190
35 186
35 187
35 191
36 186
36 189
36 190
37 186
37 191
37 194
38 187
38 189
38 190
39 188
39 189
39 193
40 186
40 191
40 196
41 189
41 192
41 197
42 186
42 191
42 199
43 186
43 191
43 196
44 187
44 190
45 186
45 200
46 191
46 194
47 186
47 193
48 189
48 190
49 188
49 197
50 186
50 191
51 186
51 197
52 186
52 187
53 187
53 194
54 187
54 189
55 187
55 189
56 192
56 198
57 188
57 193
58 186
58 196
59 186
59 187
60 187
60 188
61 187
61 188
62 187
62 188
63 188
63 193
64 188
64 190
65 186
65 189
66 193
66 199
67 186
67 191
68 187
68 189
69 186
69 192
70 186
70 189
71 186
71 187
72 186
72 200
73 187
73 188
74 187
74 190
75 187
75 192
76 187
76 189
77 187
77 194
78 186
78 188
79 186
79 188
80 188
80 203
81 186
81 191
82 186
82 191
83 186
84 186
85 193
86 194
87 186
88 187
89 188
90 190
91 186
92 189
93 186
94 187
95 186
96 190
97 190
98 189
99 187
100 188
101 187
102 186
103 186
104 186
105 188
106 188
107 188
108 198
109 186
110 200
111 187
112 187
113 187
114 186
115 186
116 186
117 187
118 186
119 186
120 191
121 186
122 188
123 189
124 187
125 187
126 187
127 186
128 193
129 189
130 187
131 188
132 195
133 188
134 187
135 189
136 188
137 195
138 188
139 186
140 186
141 191
142 187
143 187
144 190
145 190
146 186
147 186
148 189
149 190
150 189
151 186
152 187
153 188
154 186
155 189
156 188
157 186
158 199
159 187
160 187
161 187
162 193
163 187
164 186
165 187
166 187
167 195
168 186
169 186
170 186
171 187
172 187
173 186
174 188
175 191
176 187
177 187
178 186
179 189
180 189
181 188
182 188
183 188
184 186
185 187
