205 412
0 179
0 180
0 181
0 182
0 183
0 184
0 185
0 186
0 187
0 189
0 190
0 191
0 192
0 194
0 195
0 199
0 201
1 180
1 181
1 182
1 184
1 187
1 188
1 189
1 191
1 194
1 195
1 200
1 201
1 203
1 204
2 179
2 180
2 182
2 183
2 184
2 186
2 187
2 188
2 190
2 193
2 194
3 179
3 182
3 184
3 185
3 187
3 189
3 191
3 193
3 194
3 201
4 180
4 181
4 183
4 185
4 186
4 187
4 188
4 199
4 202
5 179
5 182
5 185
5 187
5 188
5 189
5 190
5 192
5 194
6 179
6 180
6 181
6 183
6 185
6 188
6 193
6 194
7 179
7 181
7 182
7 183
7 187
7 191
7 196
8 179
8 180
8 182
8 184
8 185
8 190
8 192
9 179
9 180
9 182
9 183
9 186
9 190
9 193
10 180
10 185
10 186
10 187
10 190
10 192
10 197
11 179
11 182
11 184
11 189
11 190
11 192
11 195
12 179
12 180
12 182
12 184
12 187
12 193
12 198
13 179
13 181
13 183
13 186
13 188
13 191
14 179
14 184
14 189
14 190
14 195
14 200
15 180
15 181
15 188
15 194
15 202
16 179
16 184
16 189
16 192
16 195
17 180
17 181
17 185
17 199
17 202
18 179
18 181
18 182
18 183
18 186
19 179
19 184
19 192
19 199
19 201
20 179
20 190
20 193
20 196
21 183
21 184
21 185
21 187
22 179
22 186
22 190
22 193
23 179
23 182
23 186
23 190
24 179
24 183
24 185
24 187
25 179
25 184
25 192
25 195
26 179
26 186
26 187
26 191
27 182
27 190
27 192
27 193
28 180
28 181
28 188
28 196
29 183
29 185
29 187
29 188
30 181
30 189
30 197
31 179
31 184
31 193
32 181
32 185
32 189
33 179
33 182
33 195
34 179
34 183
34 186
35 179
35 182
35 192
36 179
36 181
36 182
37 179
37 182
37 185
38 180
38 181
38 194
39 187
39 193
39 198
40 179
40 193
40 196
41 179
41 183
41 189
42 179
42 183
42 186
43 183
43 186
43 187
44 179
44 182
44 190
45 183
45 186
45 189
46 186
46 188
47 193
47 198
48 180
48 181
49 184
49 194
50 188
50 194
51 179
51 183
52 184
52 191
53 179
53 182
54 187
54 191
55 180
55 191
56 182
56 192
57 183
57 189
58 180
58 188
59 192
59 200
60 180
60 181
61 183
61 188
62 180
62 181
63 179
63 193
64 180
64 188
65 179
65 194
66 179
66 182
67 180
67 186
68 180
68 183
69 179
69 198
70 180
70 185
71 179
71 196
72 179
72 187
73 179
73 191
74 179
74 185
75 184
75 191
76 180
76 189
77 181
77 184
78 181
78 197
79 180
79 181
80 179
81 179
82 179
83 187
84 184
85 189
86 181
87 180
88 191
89 200
90 194
91 179
92 179
93 179
94 191
95 191
96 189
97 180
98 190
99 179
100 192
101 179
102 186
103 188
104 185
105 180
106 181
107 179
108 191
109 179
110 182
111 179
112 191
113 179
114 179
115 186
116 180
117 179
118 179
119 179
120 179
121 190
122 179
123 179
124 179
125 179
126 179
127 185
128 187
129 179
130 179
131 179
132 199
133 192
134 184
135 181
136 179
137 196
138 192
139 182
140 179
141 179
142 188
143 179
144 184
145 179
146 179
147 185
148 179
149 181
150 186
151 179
152 179
153 189
154 183
155 179
156 184
157 179
158 179
159 179
160 179
161 179
162 179
163 183
164 189
165 181
166 179
167 190
168 197
169 185
170 185
171 179
172 188
173 197
174 181
175 188
176 179
177 179
178 198
