112 166
0 102
0 103
0 105
0 106
0 108
1 101
1 104
2 101
2 102
2 107
3 101
3 102
3 103
3 105
3 106
3 107
3 109
3 110
4 101
4 102
4 104
4 105
4 106
4 107
4 108
4 109
5 101
5 103
5 105
6 101
6 104
6 105
6 107
7 101
7 102
7 105
7 106
8 101
9 101
10 101
10 107
11 101
11 105
12 102
12 105
12 106
12 107
13 103
13 105
14 101
14 102
15 101
15 105
16 102
16 106
16 107
16 110
16 111
17 106
18 101
18 102
18 106
18 110
18 111
19 101
19 110
20 101
20 106
21 101
21 102
22 101
23 101
23 102
24 101
24 107
25 101
25 102
26 101
26 106
27 101
27 106
28 102
28 106
28 107
29 101
30 101
31 101
31 102
32 102
33 101
34 101
34 102
35 101
36 101
37 101
38 103
39 101
40 101
40 106
41 105
41 107
42 101
42 102
43 106
44 102
44 105
45 101
45 105
46 102
46 106
47 103
48 101
48 107
49 101
50 101
51 101
51 106
52 101
53 101
54 101
55 105
56 107
57 101
58 101
59 101
60 102
61 101
62 111
63 105
64 101
65 101
66 101
67 102
68 105
69 101
70 102
71 101
72 106
73 101
74 101
75 109
76 101
77 106
78 101
79 101
80 102
81 101
82 101
83 107
84 106
85 106
86 102
87 102
88 101
89 107
90 101
91 106
92 107
93 101
94 101
95 101
96 101
97 102
98 105
99 109
100 101
