60 278
0 44
0 45
0 46
0 47
0 48
0 49
0 50
0 51
0 52
0 53
0 54
0 55
0 56
0 57
0 58
0 59
1 44
1 45
1 46
1 47
1 48
1 49
1 50
1 51
1 52
1 53
1 54
1 55
1 56
1 57
1 58
2 44
2 45
2 46
2 47
2 48
2 49
2 50
2 51
2 52
2 53
2 54
2 55
2 56
2 57
2 58
3 44
3 45
3 46
3 47
3 48
3 49
3 50
3 51
3 52
3 54
3 55
3 56
3 57
3 58
4 44
4 45
4 46
4 47
4 48
4 49
4 50
4 51
4 52
4 53
4 54
4 56
4 58
4 59
5 44
5 45
5 46
5 47
5 48
5 49
5 50
5 51
5 52
5 53
5 56
5 58
6 44
6 45
6 46
6 47
6 48
6 49
6 50
6 51
6 52
6 53
6 54
7 44
7 45
7 46
7 47
7 48
7 49
7 50
7 51
7 52
7 53
8 44
8 45
8 46
8 47
8 51
8 52
8 53
8 54
8 56
8 58
9 44
9 47
9 49
9 51
9 52
9 53
9 54
9 55
9 57
10 44
10 45
10 47
10 48
10 49
10 52
10 53
10 55
10 57
11 44
11 46
11 47
11 51
11 53
11 54
11 55
11 56
11 59
12 44
12 45
12 46
12 47
12 48
12 49
12 50
12 51
12 54
13 44
13 45
13 46
13 47
13 48
13 52
13 53
13 55
14 44
14 45
14 46
14 47
14 49
14 50
14 52
15 44
15 45
15 46
15 48
15 49
15 50
15 51
16 44
16 45
16 46
16 48
16 49
16 50
16 56
17 44
17 45
17 46
17 48
17 49
17 50
17 56
18 44
18 45
18 46
18 48
18 49
18 50
18 54
19 44
19 47
19 49
19 52
19 55
19 57
20 44
20 47
20 51
20 53
20 57
20 59
21 44
21 45
21 46
21 47
21 49
21 50
22 45
22 46
22 48
22 50
22 51
22 54
23 44
23 45
23 46
23 48
23 51
23 55
24 44
24 45
24 46
24 47
24 48
24 50
25 44
25 47
25 50
25 55
25 57
26 44
26 45
26 47
26 48
26 52
27 47
27 51
27 53
27 57
28 44
28 47
28 50
28 52
29 44
29 47
29 52
29 55
30 45
30 46
30 47
30 48
31 44
31 45
31 48
32 45
32 54
33 45
33 49
34 50
34 53
35 46
35 52
36 46
36 48
37 48
38 51
39 44
40 49
41 56
42 45
43 46
