123 263
0 84
0 86
0 87
0 88
0 89
0 91
0 92
0 96
0 97
0 98
0 103
1 85
1 86
1 87
1 89
1 90
1 91
1 92
1 93
1 94
1 95
1 98
1 99
1 101
1 104
1 105
1 106
1 107
1 109
1 110
1 112
1 116
1 118
2 85
2 86
2 87
2 88
2 89
2 91
2 95
2 96
2 97
2 99
2 104
2 105
3 84
3 86
3 87
3 88
3 89
3 91
3 92
3 95
3 96
3 97
3 99
3 102
3 104
4 86
4 90
4 91
4 94
5 87
5 88
5 95
5 97
5 98
5 115
6 87
6 90
6 94
6 96
6 98
6 100
6 103
6 104
6 105
6 107
6 110
6 116
7 85
7 86
7 87
7 90
7 94
7 95
7 96
7 100
7 104
7 106
7 115
8 85
8 87
8 90
8 94
8 98
8 99
8 101
8 104
8 106
8 110
8 111
8 113
8 114
8 122
9 85
9 87
10 87
10 88
10 91
10 98
10 100
10 105
10 107
11 87
11 96
11 97
11 103
11 109
12 86
12 89
12 93
12 112
13 88
13 89
13 95
13 98
13 100
13 102
13 110
13 114
13 121
14 86
14 88
14 89
14 95
14 97
14 98
15 85
15 89
15 100
16 86
16 89
16 90
16 91
16 92
16 98
16 99
17 94
18 85
18 87
18 94
18 96
19 91
19 94
19 99
19 120
20 102
21 89
21 100
21 108
22 100
22 108
23 89
23 102
24 87
24 88
24 105
25 89
25 109
26 90
26 102
27 88
27 89
27 91
27 92
27 98
28 94
28 98
28 100
28 108
29 88
29 91
29 96
29 100
30 88
30 89
30 110
31 109
32 88
32 97
33 90
33 97
34 89
34 91
34 119
35 87
35 105
36 91
36 94
37 85
37 86
38 105
38 110
38 117
39 94
39 96
39 108
40 94
40 117
41 99
42 85
42 99
43 87
44 111
44 113
45 100
45 107
46 87
46 97
47 87
47 96
48 94
48 108
49 85
50 87
50 88
51 89
51 98
52 87
52 94
53 89
53 107
54 105
55 105
56 87
57 88
58 101
59 110
60 89
61 105
62 102
63 92
64 94
65 97
66 96
67 102
68 103
69 97
70 92
71 87
72 89
73 119
74 106
75 87
76 87
77 100
78 87
79 94
80 96
81 85
82 87
83 100
