78 146
0 61
0 62
0 63
0 64
0 65
0 66
0 67
0 68
0 71
0 72
1 61
1 62
1 63
1 64
1 65
1 66
1 69
1 70
2 61
2 65
2 66
3 61
3 62
3 64
3 65
3 66
3 67
3 69
3 77
4 61
4 65
4 66
4 69
5 61
5 62
5 63
5 64
5 65
5 67
5 68
5 72
5 73
5 75
6 61
6 62
7 61
7 62
7 64
7 68
7 69
7 70
7 76
8 61
8 72
9 61
9 65
9 66
10 61
10 65
11 61
12 61
12 65
13 61
13 65
13 66
13 69
14 61
15 61
15 62
15 63
15 64
15 67
16 61
16 62
16 63
16 64
16 72
17 61
17 62
18 61
18 66
19 61
20 61
20 62
21 61
21 62
22 61
22 62
22 66
23 62
24 61
24 65
24 74
25 61
25 62
25 65
26 61
27 61
27 62
28 61
29 61
29 62
30 61
30 63
30 65
31 61
32 66
33 61
33 69
34 61
34 62
35 61
36 62
36 64
36 68
36 70
37 61
37 65
37 67
38 61
38 62
38 75
39 61
40 62
40 64
41 61
41 62
42 62
43 61
44 61
45 61
46 61
47 61
48 62
49 67
50 66
51 65
52 66
53 61
54 74
55 61
56 61
57 61
58 62
59 61
60 61
