65 103
0 56
0 57
0 58
0 60
0 61
0 64
1 56
1 57
1 58
1 60
1 61
1 63
2 56
2 57
2 59
2 60
2 61
3 56
3 58
3 59
3 60
3 61
4 56
4 57
4 59
4 60
5 56
5 58
5 59
5 60
6 56
6 57
6 61
7 56
7 58
7 60
7 61
8 58
8 59
8 62
9 56
9 61
10 56
10 57
11 56
11 59
11 61
11 62
12 56
12 57
12 62
13 56
13 62
14 56
14 61
15 56
15 61
16 61
17 56
17 57
17 61
18 56
19 58
19 64
20 58
20 61
21 59
22 56
23 62
24 56
24 62
25 64
26 56
26 61
27 56
28 56
29 56
30 57
31 58
32 57
33 58
34 58
35 58
36 56
37 58
38 59
39 56
40 56
41 57
42 56
43 56
44 56
45 56
46 56
47 62
48 56
49 64
50 56
51 56
52 61
53 60
54 56
55 57
