109 189
0 90
0 91
0 92
0 93
0 95
0 103
0 107
1 90
1 91
1 92
1 93
1 94
1 96
1 101
2 90
2 91
2 92
2 94
2 95
2 106
2 108
3 90
3 93
3 94
3 96
3 97
3 98
4 90
4 92
4 95
4 96
4 98
4 100
5 90
5 91
5 92
5 94
5 95
5 96
6 90
6 91
6 92
6 98
6 99
7 90
7 96
7 97
7 98
7 100
8 90
8 91
8 92
8 93
8 95
9 92
9 93
9 96
9 98
10 90
10 91
10 92
10 105
11 90
11 91
11 92
11 101
12 90
12 91
12 97
13 90
13 97
13 99
14 90
14 91
14 92
15 90
15 93
15 96
16 90
16 94
16 99
17 90
17 97
17 98
18 90
18 97
18 98
19 90
19 91
19 92
20 91
20 92
20 95
21 90
21 91
21 92
22 90
22 93
22 97
23 90
23 91
23 92
24 90
24 100
24 102
25 90
25 93
25 99
26 90
26 95
27 91
27 92
28 90
28 95
29 91
29 92
30 94
30 99
31 91
31 92
32 93
32 99
33 91
33 92
34 93
34 94
35 90
35 93
36 90
36 95
37 90
37 96
38 90
38 104
39 90
39 97
40 90
40 94
41 90
41 93
42 90
42 94
43 91
44 90
45 90
46 90
47 90
48 92
49 100
50 92
51 90
52 102
53 95
54 90
55 91
56 90
57 97
58 96
59 90
60 90
61 90
62 90
63 90
64 91
65 90
66 91
67 90
68 91
69 91
70 90
71 91
72 90
73 90
74 90
75 90
76 91
77 92
78 90
79 90
80 90
81 90
82 90
83 90
84 94
85 92
86 91
87 94
88 92
89 90
