997 1920
0 883
0 884
0 885
0 886
0 889
0 891
0 894
0 895
0 896
0 898
0 899
0 900
0 901
0 904
0 906
0 908
0 913
0 916
0 919
0 921
0 924
0 925
0 926
0 928
0 930
0 938
0 939
0 946
0 948
0 950
0 953
0 962
0 963
0 967
0 976
0 980
0 981
1 883
1 884
1 885
1 886
1 887
1 888
1 889
1 891
1 892
1 893
1 894
1 895
1 897
1 898
1 899
1 902
1 904
1 906
1 908
1 909
1 910
1 911
1 912
1 913
1 916
1 919
1 920
1 921
1 931
1 936
1 938
1 944
1 946
1 956
1 959
1 961
1 971
2 883
2 884
2 885
2 887
2 888
2 889
2 890
2 891
2 892
2 893
2 894
2 895
2 896
2 897
2 898
2 899
2 901
2 902
2 903
2 906
2 907
2 908
2 912
2 915
2 923
2 926
2 928
2 930
2 933
2 934
2 940
2 946
2 957
2 968
3 883
3 884
3 886
3 888
3 890
3 891
3 896
3 898
3 903
3 904
3 908
3 911
3 913
3 914
3 915
3 922
3 923
3 924
3 935
3 940
3 947
3 964
3 966
3 984
3 985
3 996
4 883
4 885
4 886
4 888
4 890
4 891
4 893
4 895
4 896
4 898
4 902
4 903
4 904
4 907
4 908
4 925
4 929
4 935
4 939
4 951
4 955
4 979
5 883
5 884
5 885
5 887
5 888
5 889
5 893
5 894
5 898
5 899
5 900
5 901
5 902
5 904
5 906
5 908
5 913
5 921
5 924
5 928
5 937
5 938
5 942
5 943
5 948
5 964
5 969
5 986
5 989
5 993
6 883
6 885
6 886
6 889
6 890
6 891
6 892
6 894
6 899
6 906
6 910
6 912
6 918
6 924
7 883
7 885
7 889
7 890
7 891
7 892
7 895
7 897
7 898
7 901
7 904
7 905
7 908
7 911
7 920
7 933
7 941
8 886
8 890
8 891
8 925
8 944
9 883
9 885
9 887
9 889
9 892
9 893
9 894
9 897
9 899
9 906
9 910
9 912
9 919
9 924
9 926
9 957
9 968
9 992
10 883
10 887
10 889
10 891
10 893
10 898
10 902
10 913
10 915
10 923
10 925
10 927
10 995
11 884
11 885
11 890
11 892
11 895
11 897
11 899
11 904
11 908
11 917
11 941
12 883
12 885
12 886
12 889
12 891
12 893
12 894
12 896
12 904
12 906
12 908
12 918
12 927
12 941
12 952
12 953
12 958
13 884
13 885
13 889
13 894
13 897
13 909
13 916
14 883
14 884
14 885
14 886
14 887
14 888
14 889
14 894
14 899
14 909
14 910
14 921
14 932
14 942
14 949
14 970
15 883
15 887
15 888
15 891
15 898
15 902
15 907
15 915
15 922
15 923
15 934
16 883
16 885
16 886
16 892
16 893
16 896
16 897
16 899
16 903
16 904
16 906
16 918
16 925
16 927
16 928
16 936
16 962
16 994
17 883
17 884
17 885
17 887
17 888
17 889
17 893
17 899
17 908
17 919
18 883
18 886
18 888
18 902
18 905
18 933
19 883
19 884
19 886
19 887
19 890
19 891
19 897
19 902
19 906
19 910
19 913
19 921
19 922
19 938
19 944
19 949
19 972
20 883
20 884
20 885
20 889
20 894
20 897
20 901
20 930
20 945
20 975
21 883
21 886
21 887
21 891
21 896
21 898
21 902
21 904
21 917
21 929
21 944
21 954
21 974
21 987
22 885
22 887
22 893
22 895
22 906
22 910
22 913
22 916
22 917
22 937
22 938
23 883
23 884
23 885
23 887
23 888
23 889
23 897
23 898
23 902
23 904
23 906
23 909
23 910
23 912
23 922
23 927
23 943
23 947
23 974
24 884
24 894
24 897
24 932
25 905
26 883
26 888
26 889
26 892
26 898
26 899
26 905
26 909
26 911
26 933
26 935
27 883
27 884
27 885
27 886
27 887
27 888
27 889
27 897
27 898
27 904
27 908
27 912
27 918
27 927
27 933
27 961
28 884
28 885
28 891
28 892
28 893
28 895
28 899
28 907
28 919
28 920
28 928
28 951
28 957
28 962
29 883
30 885
30 886
30 887
30 888
30 891
30 893
30 902
30 919
30 920
30 928
31 885
31 887
31 892
31 896
31 918
31 919
31 934
32 887
32 893
32 896
32 903
32 907
32 915
32 923
32 940
32 956
33 883
33 884
33 885
33 897
33 910
33 922
33 932
34 886
34 890
34 891
34 902
34 907
34 909
34 923
34 925
34 934
34 935
34 956
35 884
35 889
35 892
35 894
35 895
35 897
35 906
35 917
35 918
35 927
36 886
36 891
36 896
36 903
36 925
36 954
37 887
37 889
37 892
37 896
37 899
37 906
37 910
37 911
37 913
37 977
38 884
38 885
38 889
38 893
38 894
38 897
38 908
38 924
38 977
39 884
39 887
39 888
39 889
39 894
39 898
39 902
39 961
40 883
41 884
41 885
41 893
41 894
41 897
41 901
41 908
41 919
42 895
42 899
42 901
42 902
42 904
42 908
42 938
42 950
43 893
44 884
44 885
44 893
44 894
44 897
44 930
45 883
45 898
45 902
45 910
45 912
45 917
46 886
46 894
46 897
46 909
47 883
47 884
47 885
47 889
47 890
47 892
47 895
47 905
48 884
48 886
48 891
48 897
48 902
48 940
49 887
49 913
49 915
49 924
49 934
49 951
49 965
49 979
50 883
50 885
50 887
50 888
50 893
50 913
50 937
50 971
51 887
51 892
51 896
51 912
51 913
51 921
51 924
51 938
51 972
52 883
52 886
52 888
52 894
52 902
52 909
52 910
52 918
52 943
53 884
53 886
53 887
53 892
53 898
53 902
53 920
53 932
53 959
54 885
54 887
54 890
54 893
54 913
54 915
54 971
55 883
55 884
55 885
55 887
55 889
55 890
55 893
55 897
55 899
55 902
55 919
55 936
56 884
56 888
56 889
56 893
56 897
56 902
56 909
57 886
57 896
57 902
57 903
57 907
58 885
58 890
58 891
58 907
58 911
58 914
58 935
59 885
59 890
59 893
59 916
59 951
60 883
60 904
61 884
61 885
61 888
61 889
61 894
61 919
62 884
62 899
63 888
63 902
63 904
63 931
64 888
64 898
64 902
64 904
64 909
64 922
65 890
65 891
65 931
65 960
66 883
66 885
66 887
67 890
67 896
67 907
67 940
67 947
68 891
68 896
68 903
68 904
68 907
69 885
69 888
69 890
69 894
69 898
69 908
69 909
69 958
70 888
70 909
70 922
71 884
71 910
71 913
71 916
71 918
71 922
72 888
72 909
72 922
72 943
73 892
73 899
74 883
74 888
74 892
74 909
74 911
74 939
75 888
75 909
76 883
76 887
76 908
76 912
76 913
76 928
77 898
77 902
77 931
77 954
78 890
78 891
78 899
78 904
78 908
78 909
78 988
79 889
79 895
79 897
80 883
80 912
80 947
81 884
81 889
81 894
81 920
81 949
82 886
82 890
82 904
82 911
82 934
82 935
83 883
83 886
83 899
83 902
83 904
84 887
84 888
84 899
85 884
85 889
85 893
85 894
85 896
85 920
86 883
86 885
86 889
86 919
86 923
86 924
86 959
87 885
87 894
87 897
87 949
88 884
88 887
88 889
88 893
88 920
88 922
88 936
89 886
89 914
89 939
89 947
89 960
90 885
90 893
90 894
90 978
91 914
92 886
92 918
92 936
93 886
93 898
93 904
93 929
94 891
94 903
95 885
95 889
95 945
96 886
96 891
96 902
96 944
96 961
97 884
97 885
97 889
97 897
98 889
98 894
98 910
99 886
99 892
99 907
99 934
99 940
100 884
100 885
100 889
100 894
100 927
100 930
101 884
101 910
101 947
102 884
102 908
102 919
103 885
103 887
103 895
103 907
104 884
104 894
104 897
105 884
105 889
105 897
106 883
106 893
106 913
107 883
107 887
108 888
108 890
108 909
108 931
109 886
109 888
109 898
110 888
110 902
110 909
111 884
111 894
111 897
112 884
112 885
112 894
113 885
113 928
113 968
114 889
114 897
114 902
114 909
115 885
116 886
116 891
116 902
117 883
117 894
118 885
118 894
118 910
119 885
119 893
119 920
119 942
119 991
120 886
120 891
121 884
121 889
122 893
123 887
123 892
123 906
123 909
123 919
124 887
124 990
125 885
125 887
125 913
125 924
126 888
126 904
126 911
127 886
127 888
127 891
127 911
128 884
128 886
128 888
128 896
129 884
129 885
129 886
129 897
129 899
130 896
131 896
131 911
131 956
132 887
132 892
132 946
133 885
133 889
133 893
133 920
134 888
134 894
135 886
136 897
136 918
137 889
137 893
137 894
138 920
139 885
139 886
139 952
140 894
140 899
140 902
141 913
141 921
141 938
142 883
142 888
142 902
143 892
143 894
143 922
143 982
144 921
145 891
145 959
146 889
146 901
146 948
146 980
147 884
147 885
147 895
147 929
148 886
148 903
149 903
149 935
149 940
150 888
150 904
150 970
151 890
151 896
151 903
152 886
152 888
152 890
152 931
153 896
153 898
153 903
153 925
154 886
154 890
154 896
154 904
155 884
155 889
155 897
156 888
156 904
156 909
156 944
157 884
157 887
157 889
157 894
158 891
158 918
159 912
159 917
159 973
160 885
160 886
160 889
161 894
161 899
161 913
161 920
162 885
162 893
162 894
162 919
163 894
164 884
164 894
165 895
165 910
165 917
166 894
167 890
167 896
167 925
168 883
168 942
169 888
169 901
169 924
170 891
171 884
171 894
172 932
173 883
173 884
173 930
174 889
174 897
174 927
175 899
176 883
177 887
177 892
178 887
178 913
178 965
179 883
179 884
179 886
180 921
180 946
181 886
181 907
182 886
183 883
183 893
183 894
184 885
184 976
185 883
185 886
186 892
187 888
188 883
188 886
188 888
189 888
189 891
189 902
190 883
190 888
191 895
191 905
192 886
192 895
193 910
194 888
194 898
194 939
195 890
195 911
196 883
196 884
196 893
197 883
198 884
198 896
198 923
199 887
199 899
200 898
200 905
200 912
201 888
201 898
202 891
202 896
203 884
203 889
204 884
204 885
205 884
205 918
206 885
206 895
206 905
207 884
207 889
207 897
208 884
208 897
209 887
209 893
210 884
210 887
210 893
211 885
211 895
212 919
213 885
213 907
213 941
214 895
214 904
215 883
215 884
215 927
216 885
217 892
217 895
217 904
218 884
219 884
220 904
220 907
221 891
221 903
221 911
222 904
222 912
223 885
223 904
223 908
224 883
224 906
225 888
226 892
226 909
226 912
227 886
228 885
228 893
229 891
230 886
231 896
232 903
232 904
233 916
234 906
235 888
236 888
236 909
237 891
237 975
238 888
238 902
239 934
239 983
240 895
240 913
241 884
241 889
242 887
242 889
243 883
243 885
244 887
244 895
245 891
245 894
246 898
246 908
247 908
248 901
249 888
250 885
250 886
251 883
252 884
252 891
253 887
254 945
255 888
256 898
257 889
258 907
258 951
259 907
260 883
260 884
261 899
262 898
262 909
263 887
263 909
264 904
264 936
265 884
265 930
266 886
266 917
267 888
267 902
268 934
269 922
269 972
270 890
270 934
271 909
271 943
272 886
272 902
273 896
274 904
274 937
275 884
275 885
276 883
276 884
277 898
277 902
278 899
278 936
279 885
279 910
280 889
280 896
281 889
281 894
282 884
283 894
283 943
284 893
284 897
285 894
285 919
286 884
286 897
287 885
287 901
288 890
289 883
289 885
290 883
290 914
291 884
291 892
292 885
292 888
293 885
293 898
294 891
294 895
295 888
296 884
297 885
298 883
298 894
299 884
300 885
301 889
302 888
302 909
303 894
303 918
304 892
304 914
305 893
306 892
306 910
307 890
307 904
308 906
309 883
309 892
310 883
311 888
312 885
313 884
313 894
314 885
314 919
315 929
315 933
316 894
316 902
317 914
318 883
318 889
319 888
319 909
320 885
320 893
321 883
321 943
322 891
322 903
323 886
323 951
324 888
324 898
325 897
325 912
326 887
326 892
327 914
328 914
328 970
329 893
329 942
330 889
330 894
331 905
331 956
332 883
332 911
333 920
334 897
335 887
336 885
336 935
337 885
337 897
338 924
338 957
339 893
339 894
340 883
341 883
342 918
343 886
344 889
345 891
346 912
347 899
348 886
349 891
350 890
351 886
352 897
353 891
354 883
355 891
356 883
357 883
358 888
359 933
360 884
361 884
362 914
363 936
364 883
365 965
366 883
367 899
368 904
369 911
370 920
371 884
372 903
373 911
374 911
375 943
376 918
377 891
378 893
379 904
380 886
381 923
382 885
383 907
384 889
385 891
386 905
387 902
388 901
389 931
390 888
391 886
392 935
393 896
394 884
395 913
396 910
397 899
398 909
399 909
400 892
401 955
402 922
403 911
404 886
405 883
406 887
407 913
408 899
409 883
410 888
411 884
412 883
413 894
414 902
415 883
416 887
417 889
418 892
419 886
420 883
421 902
422 888
423 912
424 931
425 888
426 919
427 921
428 885
429 946
430 893
431 883
432 909
433 897
434 913
435 924
436 890
437 883
438 939
439 886
440 887
441 907
442 887
443 883
444 886
445 911
446 883
447 924
448 898
449 912
450 940
451 886
452 912
453 889
454 886
455 886
456 884
457 907
458 886
459 907
460 886
461 886
462 890
463 886
464 910
465 903
466 896
467 903
468 911
469 911
470 898
471 911
472 883
473 883
474 887
475 883
476 893
477 916
478 891
479 931
480 904
481 887
482 887
483 896
484 911
485 918
486 920
487 905
488 903
489 889
490 924
491 888
492 911
493 895
494 883
495 898
496 886
497 886
498 886
499 883
500 887
501 888
502 914
503 904
504 905
505 890
506 889
507 889
508 895
509 905
510 905
511 898
512 889
513 911
514 902
515 887
516 905
517 917
518 896
519 917
520 888
521 910
522 918
523 887
524 911
525 889
526 898
527 899
528 944
529 909
530 883
531 883
532 893
533 955
534 911
535 888
536 888
537 897
538 934
539 886
540 895
541 896
542 886
543 939
544 885
545 884
546 885
547 889
548 884
549 925
550 921
551 907
552 898
553 887
554 923
555 884
556 896
557 894
558 890
559 884
560 884
561 894
562 943
563 912
564 896
565 958
566 886
567 884
568 886
569 890
570 889
571 885
572 884
573 897
574 897
575 888
576 895
577 884
578 902
579 914
580 890
581 888
582 914
583 896
584 890
585 890
586 896
587 883
588 914
589 914
590 914
591 914
592 914
593 891
594 892
595 888
596 883
597 894
598 887
599 883
600 885
601 887
602 911
603 911
604 907
605 914
606 914
607 914
608 914
609 911
610 894
611 914
612 943
613 927
614 888
615 939
616 890
617 909
618 888
619 885
620 887
621 896
622 887
623 922
624 890
625 896
626 905
627 884
628 902
629 910
630 885
631 904
632 884
633 923
634 888
635 896
636 884
637 889
638 897
639 884
640 931
641 894
642 884
643 884
644 884
645 884
646 896
647 890
648 884
649 952
650 889
651 887
652 899
653 894
654 884
655 885
656 897
657 897
658 891
659 896
660 911
661 911
662 896
663 884
664 885
665 904
666 903
667 883
668 896
669 897
670 897
671 908
672 969
673 927
674 887
675 905
676 913
677 890
678 889
679 889
680 889
681 894
682 922
683 886
684 894
685 920
686 893
687 894
688 894
689 884
690 897
691 894
692 886
693 885
694 889
695 889
696 896
697 887
698 925
699 894
700 884
701 894
702 903
703 912
704 896
705 905
706 922
707 886
708 925
709 896
710 939
711 911
712 885
713 909
714 896
715 891
716 890
717 904
718 939
719 914
720 883
721 883
722 883
723 887
724 889
725 892
726 895
727 897
728 912
729 912
730 883
731 892
732 920
733 885
734 883
735 885
736 886
737 927
738 897
739 904
740 927
741 884
742 910
743 889
744 897
745 884
746 914
747 885
748 911
749 884
750 889
751 895
752 886
753 911
754 922
755 884
756 884
757 884
758 884
759 911
760 897
761 885
762 885
763 894
764 884
765 884
766 890
767 896
768 884
769 915
770 883
771 934
772 944
773 885
774 944
775 885
776 885
777 885
778 885
779 895
780 948
781 904
782 931
783 912
784 883
785 885
786 885
787 885
788 890
789 885
790 898
791 886
792 890
793 883
794 898
795 898
796 886
797 885
798 885
799 889
800 889
801 911
802 914
803 916
804 885
805 886
806 895
807 929
808 929
809 889
810 973
811 896
812 920
813 939
814 889
815 907
816 896
817 955
818 955
819 885
820 886
821 885
822 929
823 897
824 890
825 887
826 902
827 897
828 912
829 921
830 905
831 914
832 911
833 903
834 889
835 904
836 925
837 884
838 884
839 883
840 911
841 884
842 890
843 884
844 884
845 884
846 884
847 884
848 904
849 927
850 912
851 907
852 884
853 910
854 885
855 897
856 899
857 886
858 907
859 937
860 911
861 914
862 890
863 896
864 923
865 904
866 890
867 887
868 890
869 890
870 941
871 891
872 907
873 883
874 904
875 916
876 894
877 886
878 883
879 888
880 910
881 896
882 898
