142 242
0 118
0 121
0 122
0 123
0 125
0 128
0 129
0 131
0 132
0 133
1 118
1 119
1 120
1 121
1 123
1 124
1 125
1 129
1 136
2 118
2 121
2 122
2 123
2 125
2 130
2 131
2 134
2 136
3 120
3 121
3 122
3 123
3 125
3 127
3 130
3 131
3 140
4 121
4 122
4 126
4 127
4 130
4 131
4 135
4 138
4 139
5 118
5 119
5 121
5 125
5 127
5 128
5 131
5 135
6 118
6 119
6 121
6 123
6 127
6 128
7 118
7 121
7 123
7 124
7 125
7 130
8 121
8 126
8 128
8 133
8 137
9 127
9 128
9 130
9 135
9 139
10 118
10 119
10 120
10 121
10 137
11 118
11 127
11 129
11 133
12 118
12 120
12 121
12 140
13 118
13 120
13 121
13 124
14 118
14 121
14 124
14 136
15 119
15 121
15 123
15 125
16 118
16 119
16 122
16 124
17 119
17 120
17 123
17 124
18 122
18 126
18 133
19 119
19 120
19 123
20 118
20 135
20 138
21 119
21 127
21 133
22 118
22 119
22 122
23 120
23 121
23 125
24 122
24 125
24 130
25 118
25 122
25 125
26 119
26 120
26 132
27 137
27 141
28 120
28 123
29 122
29 132
30 120
30 132
31 121
31 138
32 118
32 119
33 119
33 132
34 118
34 125
35 120
35 124
36 125
36 134
37 119
37 126
38 118
38 127
39 118
39 121
40 129
40 132
41 126
41 139
42 121
43 120
44 118
45 122
46 118
47 120
48 122
49 134
50 122
51 124
52 129
53 126
54 126
55 120
56 121
57 121
58 120
59 136
60 119
61 126
62 128
63 120
64 121
65 128
66 123
67 124
68 119
69 138
70 124
71 120
72 134
73 119
74 124
75 122
76 120
77 123
78 118
79 125
80 120
81 118
82 123
83 120
84 118
85 131
86 129
87 120
88 118
89 119
90 121
91 129
92 124
93 120
94 119
95 120
96 119
97 118
98 123
99 119
100 124
101 118
102 130
103 121
104 137
105 122
106 130
107 134
108 128
109 118
110 119
111 119
112 119
113 129
114 119
115 126
116 121
117 120
