91 152
0 45
0 46
0 47
0 49
0 51
0 52
0 55
0 57
0 58
0 59
0 61
0 62
0 64
0 66
0 77
0 80
0 81
1 47
1 49
1 53
1 54
1 58
1 59
1 61
1 62
1 66
1 73
1 75
1 80
1 81
2 45
2 46
2 47
2 49
2 52
2 54
2 55
2 57
2 73
2 89
3 46
3 47
3 49
3 52
3 54
3 55
3 57
3 67
3 83
4 54
4 58
4 64
4 68
4 71
4 72
4 85
4 90
5 46
5 47
5 49
5 52
5 54
5 61
5 74
6 48
6 65
6 67
6 71
6 78
6 86
6 87
7 46
7 47
7 49
7 52
7 55
7 57
8 46
8 47
8 49
8 66
8 88
9 45
9 50
9 51
9 56
9 70
10 45
10 48
10 51
10 56
10 63
11 53
11 63
11 68
11 79
12 45
12 51
12 60
12 75
13 48
13 78
13 84
14 45
14 51
14 53
15 50
15 53
15 58
16 60
16 76
16 77
17 59
17 62
17 70
18 45
18 51
18 56
19 45
19 48
19 51
20 72
20 82
21 50
21 69
22 46
22 52
23 48
23 50
24 46
24 52
25 45
25 48
26 63
27 65
28 50
29 64
30 53
31 50
32 53
33 69
34 76
35 50
36 60
37 74
38 59
39 56
40 45
41 45
42 79
43 48
44 65
