766 1192
0 677
0 679
0 681
0 686
0 693
0 697
0 707
0 716
0 717
0 718
0 720
0 724
0 728
0 729
0 733
0 736
0 738
0 741
0 742
0 747
0 751
0 753
0 759
0 760
0 762
1 677
1 679
1 681
1 684
1 687
1 696
1 701
1 704
1 707
1 714
1 715
1 718
1 720
1 723
1 724
1 728
1 732
1 736
1 737
1 738
1 739
1 748
1 749
1 758
1 764
2 681
2 683
2 685
2 687
2 691
2 693
2 695
2 696
2 697
2 703
2 704
2 706
2 707
2 709
2 710
2 711
2 712
2 713
2 722
2 723
2 725
2 735
2 765
3 676
3 677
3 678
3 680
3 681
3 682
3 684
3 685
3 686
3 689
3 691
3 692
3 693
3 702
3 704
3 707
3 712
3 715
3 716
3 722
3 740
4 676
4 677
4 678
4 679
4 680
4 682
4 684
4 685
4 686
4 688
4 702
4 704
4 718
4 727
4 728
4 737
4 761
5 677
5 679
5 681
5 683
5 686
5 689
5 692
5 695
5 703
5 715
5 716
5 720
5 732
5 734
6 677
6 679
6 681
6 687
6 689
6 692
6 695
6 707
6 716
6 717
6 763
7 676
7 678
7 679
7 680
7 682
7 685
7 686
7 697
7 701
7 718
7 726
8 676
8 677
8 678
8 679
8 680
8 682
8 685
8 686
8 688
8 689
8 691
9 676
9 677
9 678
9 679
9 680
9 681
9 682
9 685
9 694
9 697
10 679
10 681
10 687
10 701
10 707
10 714
10 721
10 722
10 745
11 676
11 677
11 678
11 684
11 686
11 689
11 694
11 698
11 700
12 681
12 694
12 696
12 697
12 701
12 717
12 729
12 739
13 681
13 686
13 687
13 695
13 697
13 703
13 709
13 719
14 682
14 683
14 684
14 692
14 702
14 705
14 714
14 719
15 677
15 681
15 684
15 685
15 687
15 694
15 698
15 711
16 676
16 678
16 680
16 683
16 689
16 694
16 731
16 743
17 678
17 679
17 682
17 683
17 684
17 692
17 701
17 714
18 677
18 692
18 694
18 711
18 712
18 716
18 727
19 676
19 678
19 680
19 682
19 694
19 697
19 699
20 682
20 683
20 687
20 692
20 702
20 705
20 713
21 676
21 678
21 680
21 682
21 686
21 688
22 676
22 678
22 680
22 686
22 688
22 727
23 676
23 678
23 679
23 680
23 693
23 701
24 677
24 678
24 679
24 682
24 683
24 700
25 678
25 680
25 682
25 686
25 687
25 688
26 676
26 681
26 682
26 685
26 688
26 690
27 676
27 681
27 682
27 685
27 688
28 679
28 681
28 687
28 689
28 692
29 696
29 697
29 703
29 709
29 752
30 686
30 691
30 696
30 699
30 754
31 677
31 692
31 700
31 702
31 705
32 693
32 704
32 712
32 718
32 723
33 676
33 695
33 704
33 709
33 733
34 678
34 681
34 682
34 693
34 712
35 686
35 691
35 693
35 696
35 755
36 676
36 678
36 682
36 685
36 686
37 677
37 679
37 684
37 686
37 719
38 676
38 690
38 706
38 709
38 721
39 676
39 680
39 690
39 695
39 696
40 676
40 682
40 685
40 688
40 726
41 676
41 703
41 721
41 723
41 730
42 676
42 678
42 725
42 735
43 687
43 693
43 708
43 756
44 677
44 684
44 689
44 734
45 676
45 680
45 682
45 688
46 676
46 677
46 679
46 683
47 681
47 685
47 686
47 691
48 676
48 677
48 692
48 703
49 677
49 679
49 683
49 684
50 676
50 678
50 681
50 695
51 676
51 678
51 682
51 685
52 678
52 680
52 694
52 695
53 676
53 678
53 682
53 713
54 679
54 684
54 701
55 680
55 688
55 691
56 676
56 678
56 710
57 677
57 683
57 684
58 729
58 731
58 750
59 677
59 684
59 711
60 690
60 691
60 693
61 697
61 710
61 757
62 676
62 693
62 722
63 680
63 683
63 687
64 691
64 696
64 699
65 685
65 698
65 744
66 684
66 686
66 698
67 676
67 681
67 685
68 692
68 700
68 704
69 683
69 693
69 712
70 691
70 699
70 706
71 680
71 688
71 697
72 682
72 688
72 713
73 678
73 681
73 688
74 684
74 689
74 698
75 676
75 678
75 679
76 678
76 688
76 690
77 676
77 678
77 688
78 676
78 678
78 709
79 676
79 681
79 682
80 676
80 681
80 708
81 689
81 708
81 711
82 676
82 677
82 680
83 676
83 693
83 708
84 676
84 678
84 680
85 676
85 680
85 690
86 679
86 691
86 703
87 676
87 680
88 687
88 693
89 684
89 692
90 677
90 679
91 677
91 683
92 685
92 688
93 709
93 710
94 677
94 679
95 676
95 709
96 698
96 717
97 676
97 685
98 677
98 712
99 678
99 681
100 677
100 711
101 683
101 700
102 684
102 690
103 706
103 709
104 684
104 689
105 682
105 685
106 681
106 682
107 682
107 685
108 695
108 699
109 684
109 714
110 683
110 684
111 677
111 689
112 677
112 684
113 678
113 686
114 679
114 719
115 677
115 702
116 677
116 681
117 684
117 698
118 689
118 694
119 686
119 689
120 683
120 746
121 679
121 686
122 704
122 714
123 679
123 701
124 676
124 681
125 678
125 694
126 679
126 714
127 683
127 700
128 703
128 709
129 686
129 711
130 678
130 694
131 676
131 685
132 683
132 684
133 703
133 710
134 687
134 697
135 677
135 698
136 681
136 688
137 678
137 688
138 683
138 704
139 707
139 724
140 678
140 713
141 676
141 689
142 677
142 678
143 689
143 700
144 687
144 720
145 683
145 686
146 682
146 688
147 676
147 690
148 702
148 705
149 676
149 688
150 676
150 678
151 676
151 680
152 676
152 691
153 679
153 719
154 686
154 695
155 680
155 682
156 681
156 682
157 691
157 696
158 695
158 710
159 689
159 694
160 676
160 678
161 676
161 699
162 677
162 700
163 677
163 716
164 683
164 684
165 695
165 696
166 676
166 680
167 676
167 706
168 681
168 691
169 676
169 689
170 676
170 680
171 692
171 721
172 683
172 708
173 676
173 678
174 676
174 681
175 676
175 685
176 677
176 694
177 678
178 676
179 698
180 682
181 682
182 678
183 680
184 681
185 681
186 683
187 678
188 694
189 678
190 699
191 700
192 697
193 686
194 691
195 677
196 699
197 683
198 686
199 679
200 677
201 698
202 702
203 676
204 713
205 687
206 677
207 697
208 687
209 687
210 703
211 711
212 684
213 692
214 706
215 706
216 676
217 679
218 699
219 676
220 702
221 678
222 690
223 687
224 718
225 713
226 677
227 698
228 678
229 707
230 676
231 689
232 679
233 676
234 706
235 679
236 676
237 711
238 679
239 681
240 714
241 677
242 700
243 710
244 683
245 701
246 679
247 682
248 679
249 685
250 686
251 705
252 681
253 682
254 697
255 677
256 685
257 676
258 705
259 720
260 682
261 679
262 685
263 681
264 681
265 676
266 680
267 681
268 717
269 687
270 699
271 689
272 697
273 697
274 689
275 676
276 684
277 677
278 684
279 681
280 677
281 685
282 677
283 679
284 678
285 688
286 694
287 676
288 677
289 684
290 705
291 688
292 677
293 688
294 679
295 688
296 676
297 684
298 680
299 680
300 698
301 682
302 687
303 688
304 681
305 678
306 696
307 679
308 697
309 679
310 688
311 687
312 680
313 681
314 691
315 704
316 681
317 696
318 684
319 682
320 703
321 700
322 684
323 677
324 696
325 686
326 699
327 696
328 713
329 677
330 676
331 699
332 680
333 679
334 679
335 676
336 677
337 676
338 678
339 680
340 708
341 680
342 693
343 676
344 710
345 676
346 678
347 676
348 699
349 676
350 680
351 695
352 676
353 699
354 692
355 676
356 676
357 691
358 676
359 676
360 681
361 676
362 676
363 682
364 678
365 678
366 693
367 676
368 676
369 699
370 699
371 676
372 695
373 695
374 678
375 680
376 677
377 689
378 680
379 694
380 683
381 676
382 676
383 676
384 678
385 710
386 677
387 676
388 676
389 685
390 715
391 698
392 692
393 677
394 700
395 701
396 676
397 676
398 692
399 708
400 708
401 680
402 683
403 680
404 676
405 676
406 676
407 676
408 676
409 676
410 676
411 676
412 676
413 693
414 676
415 676
416 676
417 676
418 676
419 691
420 696
421 676
422 699
423 691
424 676
425 676
426 676
427 676
428 676
429 676
430 683
431 706
432 676
433 676
434 689
435 689
436 678
437 676
438 676
439 676
440 676
441 676
442 678
443 698
444 680
445 680
446 730
447 677
448 676
449 676
450 686
451 678
452 676
453 676
454 676
455 680
456 676
457 676
458 676
459 678
460 676
461 676
462 676
463 693
464 677
465 698
466 679
467 676
468 692
469 681
470 676
471 679
472 676
473 693
474 685
475 676
476 676
477 676
478 695
479 676
480 698
481 676
482 685
483 683
484 676
485 740
486 700
487 676
488 689
489 676
490 692
491 692
492 702
493 696
494 683
495 708
496 682
497 692
498 676
499 716
500 678
501 685
502 676
503 683
504 676
505 676
506 678
507 685
508 676
509 676
510 676
511 677
512 705
513 677
514 703
515 698
516 676
517 676
518 676
519 676
520 676
521 676
522 676
523 676
524 707
525 676
526 676
527 695
528 687
529 683
530 715
531 683
532 702
533 682
534 687
535 696
536 705
537 676
538 683
539 682
540 694
541 706
542 695
543 700
544 676
545 680
546 678
547 704
548 676
549 712
550 693
551 696
552 683
553 677
554 678
555 676
556 687
557 676
558 676
559 676
560 678
561 693
562 676
563 684
564 701
565 684
566 687
567 700
568 680
569 687
570 687
571 715
572 715
573 683
574 679
575 676
576 676
577 683
578 679
579 683
580 679
581 684
582 676
583 683
584 682
585 676
586 678
587 676
588 678
589 710
590 677
591 677
592 708
593 677
594 681
595 683
596 677
597 677
598 681
599 684
600 677
601 685
602 683
603 684
604 684
605 702
606 676
607 685
608 701
609 682
610 678
611 684
612 690
613 690
614 690
615 690
616 690
617 690
618 690
619 690
620 690
621 690
622 690
623 690
624 677
625 676
626 676
627 676
628 676
629 676
630 676
631 680
632 676
633 676
634 676
635 691
636 677
637 694
638 725
639 677
640 677
641 688
642 688
643 680
644 677
645 679
646 691
647 679
648 677
649 694
650 676
651 677
652 676
653 677
654 686
655 705
656 676
657 676
658 686
659 726
660 681
661 678
662 682
663 707
664 717
665 687
666 685
667 677
668 677
669 677
670 677
671 678
672 679
673 679
674 679
675 685
