70 101
0 47
0 49
0 51
0 55
0 57
0 63
0 66
0 67
1 47
1 48
1 49
1 52
1 57
1 62
1 69
2 54
2 55
2 56
2 57
2 65
2 69
3 58
3 59
3 60
3 68
4 48
4 49
4 59
4 64
5 47
5 53
5 58
5 63
6 47
6 50
6 62
6 67
7 47
7 52
7 54
8 49
8 63
8 64
9 55
9 61
9 65
10 47
10 48
10 51
11 48
11 50
11 54
12 52
12 56
12 61
13 47
13 57
14 50
14 60
15 48
15 51
16 49
16 52
17 53
17 66
18 47
18 50
19 47
19 56
20 54
20 62
21 47
21 59
22 47
22 56
23 48
23 66
24 47
24 48
25 60
26 49
27 47
28 51
29 61
30 50
31 65
32 55
33 53
34 48
35 50
36 53
37 51
38 52
39 48
40 48
41 64
42 58
43 47
44 47
45 68
46 47
