70 143
0 41
0 42
0 43
0 47
0 48
0 50
0 51
0 52
0 53
0 54
0 56
0 64
0 65
0 68
1 41
1 42
1 44
1 46
1 48
1 49
1 51
1 53
1 54
1 55
1 58
2 41
2 42
2 43
2 46
2 47
2 49
2 51
2 57
2 60
2 61
3 41
3 44
3 45
3 46
3 47
3 48
3 49
3 50
3 56
4 45
4 48
4 63
5 41
5 43
5 46
5 47
5 54
5 66
6 41
6 44
6 46
6 47
6 49
6 61
7 44
7 46
7 48
7 58
7 61
7 67
8 51
8 59
8 62
8 63
8 69
9 41
9 42
9 46
9 48
9 51
9 56
10 46
10 47
10 48
10 62
11 41
11 50
11 54
12 41
12 44
12 46
12 48
13 41
13 42
13 44
13 46
13 48
14 41
14 42
14 52
14 53
14 54
15 41
15 44
15 47
16 41
16 42
16 45
17 41
17 46
17 58
18 41
18 42
18 48
18 50
19 41
19 42
19 50
20 41
20 44
21 41
21 46
21 48
22 41
22 42
22 46
23 41
23 46
23 48
24 42
25 53
25 54
26 41
27 42
28 59
29 44
30 41
31 52
32 43
33 44
34 48
35 41
35 59
36 58
37 60
38 56
39 51
40 56
