75 118
0 58
0 60
0 61
0 64
0 66
0 67
0 68
0 71
0 72
1 59
1 62
1 63
1 64
1 70
1 71
1 73
2 60
2 61
2 62
2 66
2 67
2 69
3 60
3 61
3 67
3 69
4 62
4 65
4 70
4 74
5 62
5 65
5 67
5 69
6 61
6 66
6 69
6 72
7 60
7 61
7 66
7 67
8 59
8 65
8 67
9 58
9 59
9 61
10 58
10 63
10 66
11 58
11 60
11 67
12 63
12 64
12 71
13 62
13 64
13 65
14 60
14 73
15 62
15 65
16 58
16 70
17 59
17 63
18 58
18 61
19 61
19 68
20 59
20 63
21 62
21 65
22 60
22 68
23 59
23 63
24 66
24 70
25 61
25 64
26 62
26 65
27 58
27 60
28 64
29 62
30 64
31 60
32 71
33 60
34 59
35 61
36 59
37 58
38 63
39 68
40 58
41 58
42 64
43 69
44 72
45 68
46 66
47 58
48 68
49 59
50 59
51 70
52 59
53 69
54 63
55 63
56 58
57 68
