108 178
0 80
0 81
0 82
0 85
0 86
0 87
0 89
0 101
0 102
0 107
1 81
1 82
1 84
1 90
1 91
1 95
1 98
1 99
1 104
2 80
2 81
2 82
2 83
2 85
2 92
3 80
3 81
3 83
3 86
3 94
4 80
4 82
4 85
4 90
4 95
5 80
5 81
5 83
5 86
6 80
6 81
6 83
6 87
7 80
7 81
7 83
7 87
8 80
8 81
8 84
8 89
9 81
9 86
9 97
9 106
10 80
10 81
10 84
10 85
11 84
11 88
11 90
11 95
12 82
12 84
12 93
12 94
13 81
13 82
13 89
14 80
14 81
14 85
15 80
15 81
15 89
16 80
16 82
16 90
17 80
17 83
17 100
18 83
18 92
18 93
19 80
19 83
19 96
20 80
20 81
20 85
21 91
21 94
21 105
22 80
22 81
23 80
23 82
24 80
24 92
25 80
25 82
26 80
26 82
27 80
27 93
28 80
28 81
29 80
29 81
30 84
30 103
31 81
31 97
32 80
32 88
33 80
33 83
34 81
34 91
35 83
35 93
36 86
36 88
37 80
37 87
38 80
38 81
39 80
39 82
40 80
40 83
41 80
41 81
42 81
42 82
43 80
43 85
44 80
44 96
45 88
45 92
46 83
46 84
47 83
47 86
48 81
49 87
50 81
51 88
52 82
53 82
54 84
55 91
56 86
57 82
58 82
59 81
60 96
61 82
62 82
63 82
64 80
65 83
66 82
67 80
68 82
69 82
70 80
71 81
72 82
73 80
74 80
75 80
76 80
77 82
78 80
79 81
