262 590
0 225
0 226
0 227
0 228
0 229
0 230
0 231
0 233
0 234
0 235
0 238
0 240
0 241
0 242
0 243
0 244
0 245
0 246
0 247
0 249
0 251
0 252
0 254
0 257
1 226
1 229
1 232
1 234
1 235
1 237
1 238
1 239
1 240
1 241
1 242
1 243
1 244
1 245
1 246
1 248
1 250
1 252
1 253
1 254
1 255
1 256
1 257
1 260
2 225
2 226
2 227
2 228
2 229
2 230
2 234
2 235
2 236
2 237
2 238
2 239
2 240
2 241
2 243
2 244
2 247
2 248
2 249
2 252
2 254
2 256
3 225
3 226
3 227
3 228
3 229
3 230
3 231
3 232
3 234
3 235
3 237
3 238
3 240
3 241
3 246
3 247
3 248
3 249
4 225
4 226
4 227
4 228
4 229
4 230
4 231
4 233
4 234
4 235
4 237
4 239
4 247
5 228
5 229
5 230
5 231
5 233
5 234
5 237
5 241
5 243
5 245
5 249
5 251
6 228
6 230
6 235
6 239
6 243
6 245
6 248
6 254
6 255
6 256
6 258
7 226
7 232
7 234
7 237
7 238
7 242
7 244
7 247
7 248
7 250
7 251
8 227
8 228
8 230
8 235
8 238
8 239
8 249
8 253
8 254
8 255
9 225
9 226
9 227
9 228
9 229
9 230
9 233
9 239
9 254
10 225
10 229
10 234
10 235
10 236
10 240
10 241
10 247
10 250
11 230
11 234
11 241
11 243
11 245
11 246
11 251
11 258
12 228
12 229
12 230
12 234
12 235
12 243
12 247
13 227
13 228
13 229
13 230
13 233
13 235
13 255
14 229
14 230
14 231
14 232
14 233
14 234
14 251
15 226
15 227
15 231
15 233
15 234
15 235
15 243
16 229
16 231
16 233
16 238
16 239
16 240
16 245
17 225
17 227
17 228
17 235
17 245
17 247
17 249
18 225
18 226
18 227
18 228
18 230
18 231
18 233
19 226
19 232
19 237
19 238
19 240
19 242
20 232
20 234
20 237
20 239
20 242
20 244
21 229
21 231
21 232
21 233
21 234
21 241
22 226
22 232
22 237
22 238
22 246
22 252
23 228
23 229
23 230
23 231
23 233
23 256
24 225
24 228
24 229
24 230
24 231
25 227
25 233
25 237
25 238
25 257
26 225
26 226
26 227
26 232
26 233
27 225
27 226
27 227
27 228
27 234
28 225
28 226
28 229
28 230
28 235
29 236
29 237
29 250
29 253
29 259
30 225
30 226
30 232
30 238
31 238
31 239
31 250
31 253
32 227
32 240
32 245
32 250
33 225
33 227
33 229
33 242
34 225
34 226
34 230
34 233
35 227
35 231
35 232
35 238
36 225
36 229
36 231
36 242
37 229
37 238
37 242
37 243
38 225
38 227
38 228
38 244
39 229
39 235
39 239
39 243
40 235
40 236
40 237
40 253
41 225
41 226
41 228
41 232
42 225
42 226
42 227
42 228
43 235
43 241
43 248
44 226
44 235
44 236
45 225
45 237
45 246
46 228
46 236
46 248
47 225
47 226
47 242
48 228
48 229
48 234
49 225
49 227
49 228
50 230
50 231
50 241
51 225
51 226
51 232
52 225
52 226
52 233
53 225
53 226
53 227
54 226
54 232
54 249
55 232
55 239
55 252
56 225
56 226
56 228
57 229
57 231
57 235
58 225
58 226
58 230
59 225
59 226
59 255
60 228
60 229
60 233
61 226
61 230
61 237
62 244
62 251
63 225
63 241
64 227
64 236
65 228
65 230
66 225
66 226
67 228
67 245
68 228
68 230
69 225
69 226
70 240
70 244
71 236
71 246
72 234
72 239
73 225
73 226
74 244
74 246
75 236
75 237
76 234
76 251
77 228
77 230
78 225
78 227
79 225
79 228
80 257
80 261
81 225
81 226
82 231
82 238
83 225
83 226
84 225
84 229
85 230
85 252
86 225
86 242
87 238
87 244
88 225
88 231
89 226
89 227
90 225
90 229
91 226
91 234
92 225
92 237
93 225
93 226
94 229
94 246
95 225
95 226
96 248
96 250
97 232
97 255
98 240
98 256
99 227
99 235
100 225
101 225
102 240
103 236
104 232
105 227
106 239
107 239
108 225
109 239
110 253
111 227
112 240
113 225
114 232
115 226
116 242
117 232
118 259
119 226
120 225
121 225
122 239
123 226
124 232
125 225
126 227
127 225
128 227
129 231
130 225
131 227
132 225
133 225
134 246
135 241
136 227
137 229
138 233
139 226
140 226
141 244
142 226
143 244
144 247
145 225
146 225
147 236
148 228
149 228
150 226
151 248
152 234
153 240
154 241
155 225
156 225
157 225
158 225
159 225
160 231
161 245
162 225
163 225
164 226
165 231
166 227
167 225
168 225
169 236
170 230
171 243
172 227
173 226
174 232
175 245
176 225
177 225
178 233
179 241
180 225
181 249
182 231
183 225
184 254
185 226
186 226
187 232
188 226
189 243
190 227
191 226
192 231
193 225
194 231
195 252
196 236
197 236
198 226
199 225
200 225
201 225
202 225
203 225
204 225
205 226
206 227
207 225
208 226
209 225
210 228
211 232
212 228
213 233
214 234
215 240
216 253
217 250
218 233
219 242
220 233
221 236
222 236
223 225
224 225
