151 310
0 126
0 127
0 128
0 129
0 130
0 131
0 132
0 134
0 135
0 137
0 138
0 139
0 141
0 142
0 143
0 144
0 145
0 146
0 147
0 148
0 150
1 126
1 127
1 128
1 129
1 130
1 131
1 132
1 133
1 134
1 135
1 136
1 137
1 138
1 139
1 141
1 142
1 143
1 144
2 128
2 129
2 130
2 131
2 132
2 133
2 134
2 135
2 138
2 141
2 142
2 144
2 149
3 128
3 129
3 130
3 131
3 132
3 135
3 137
3 138
3 139
3 143
4 126
4 128
4 132
4 133
4 137
4 138
4 141
4 142
4 143
5 126
5 127
5 129
5 131
5 132
5 137
5 140
6 127
6 128
6 129
6 130
6 132
6 134
6 135
7 126
7 128
7 129
7 130
7 133
7 135
8 126
8 127
8 128
8 129
8 130
8 134
9 127
9 136
9 137
9 138
9 145
9 148
10 127
10 128
10 129
10 130
10 134
10 135
11 129
11 131
11 133
11 138
11 141
12 126
12 127
12 129
12 130
12 131
13 127
13 128
13 129
13 130
13 131
14 126
14 128
14 132
14 149
14 150
15 126
15 128
15 129
15 130
15 139
16 128
16 136
16 146
16 147
17 126
17 130
17 131
17 135
18 127
18 129
18 133
18 135
19 126
19 129
19 134
19 140
20 126
20 127
20 134
20 139
21 129
21 132
21 133
22 129
22 130
22 139
23 126
23 129
23 130
24 126
24 127
24 134
25 126
25 128
25 129
26 126
26 127
26 128
27 130
27 133
27 135
28 126
28 130
28 131
29 126
29 130
29 133
30 128
30 134
30 139
31 126
31 127
31 128
32 128
32 131
33 128
33 137
34 128
34 129
35 128
35 131
36 128
36 129
37 130
37 132
38 131
38 140
39 127
39 130
40 126
40 129
41 127
41 133
42 129
42 130
43 126
43 127
44 127
44 130
45 127
45 128
46 127
46 140
47 129
47 132
48 126
48 131
49 126
49 128
50 126
50 131
51 126
51 127
52 129
52 140
53 127
53 128
54 128
54 129
55 130
55 133
56 135
56 136
57 126
57 134
58 126
58 127
59 129
59 131
60 128
60 132
61 126
62 136
63 128
64 131
65 132
66 133
67 129
68 126
69 131
70 136
71 133
72 127
73 128
74 132
75 132
76 128
77 127
78 133
79 127
80 133
81 128
82 132
83 127
84 127
85 127
86 126
87 126
88 134
89 134
90 136
91 128
92 128
93 132
94 127
95 127
96 127
97 126
98 126
99 128
100 126
101 126
102 126
103 134
104 126
105 126
106 126
107 129
108 127
109 133
110 127
111 127
112 134
113 126
114 126
115 126
116 126
117 136
118 127
119 127
120 126
121 126
122 126
123 127
124 137
125 126
