47 141
0 37
1 34
1 35
1 36
1 37
1 38
1 40
1 41
1 42
2 34
2 35
2 36
2 38
2 39
3 34
3 35
3 36
3 40
3 41
4 35
4 36
4 37
4 38
4 40
4 41
4 42
5 34
5 35
5 36
5 37
5 38
5 39
5 40
5 41
5 42
5 43
5 46
6 34
6 35
6 38
6 40
6 42
7 34
8 35
8 36
8 37
8 40
8 42
8 43
9 34
9 35
9 36
9 38
9 39
9 40
9 41
9 42
9 43
10 35
10 36
10 38
10 42
10 43
11 35
11 36
11 38
11 39
11 40
11 42
11 46
12 37
12 40
12 41
12 45
13 34
13 35
13 37
13 38
13 42
14 34
14 35
14 39
14 41
14 42
15 34
16 36
16 38
16 41
17 39
17 41
17 43
17 45
18 36
18 38
18 39
18 41
19 34
19 35
19 36
19 38
20 39
21 36
21 40
21 41
21 45
22 38
22 43
23 37
23 41
24 44
25 34
25 37
25 40
25 45
26 37
26 41
26 42
27 39
28 36
28 37
28 41
29 34
29 35
29 36
29 37
29 40
30 36
30 38
30 40
30 41
30 43
31 36
31 37
31 39
31 43
31 45
32 36
32 39
32 41
33 39
33 44
