90 122
0 70
0 71
0 73
0 74
0 75
0 76
0 80
0 81
0 85
1 70
1 71
1 72
1 74
1 76
1 80
2 78
2 84
2 86
2 88
3 70
3 74
3 77
3 79
4 70
4 71
4 72
4 76
5 70
5 74
5 81
6 70
6 71
6 72
7 70
7 72
7 77
8 70
8 77
8 78
9 70
9 79
9 87
10 70
10 72
10 81
11 70
11 82
11 83
12 70
12 75
13 77
13 79
14 78
14 84
15 73
15 89
16 70
16 71
17 70
17 73
18 70
18 73
19 82
19 83
20 71
20 72
21 70
21 71
22 70
22 71
23 70
23 71
24 70
24 71
25 75
25 76
26 70
26 75
27 70
27 71
28 71
29 70
30 76
31 71
32 72
33 71
34 71
35 73
36 70
37 70
38 70
39 73
40 70
41 80
42 71
43 71
44 71
45 72
46 71
47 72
48 72
49 71
50 75
51 71
52 71
53 70
54 85
55 71
56 71
57 70
58 70
59 71
60 70
61 72
62 70
63 74
64 70
65 71
66 71
67 70
68 70
69 71
