120 325
0 4
1 2
2 1
2 3
2 4
3 2
3 5
4 0
4 5
4 10
5 3
5 4
5 6
5 8
6 5
7 9
8 5
8 9
8 11
9 7
9 8
9 11
10 4
10 13
11 8
11 9
11 22
11 23
11 43
12 13
12 14
12 22
13 10
13 12
13 14
14 12
14 13
14 15
15 14
15 16
15 20
16 15
16 17
16 19
17 16
17 18
18 17
19 16
19 20
20 15
20 19
20 21
21 20
22 11
22 12
22 12
22 24
23 11
23 22
23 24
24 22
24 23
24 25
24 26
25 24
25 26
26 24
26 25
26 27
27 26
27 28
27 119
28 27
28 29
29 28
29 30
29 31
30 29
30 33
31 29
31 32
32 31
33 30
33 34
33 37
34 33
34 35
34 36
34 37
35 34
35 36
35 56
36 34
36 35
36 55
37 33
37 34
37 38
37 54
38 37
38 39
38 48
39 38
39 40
40 41
40 44
40 39
40 45
41 40
41 42
41 44
42 41
42 43
42 44
43 11
43 42
44 40
44 41
44 42
45 40
45 46
46 45
46 47
46 49
47 46
47 48
47 51
48 38
48 47
49 46
49 50
49 61
50 49
50 61
51 47
51 52
51 61
51 67
52 51
52 53
52 59
53 52
53 54
53 59
54 53
54 37
54 55
55 36
55 54
55 58
56 35
56 57
56 82
57 56
57 58
57 81
58 55
58 57
58 59
58 69
58 80
59 52
59 53
59 58
60 61
61 49
61 50
61 60
61 62
61 65
61 51
62 61
62 63
62 64
63 62
64 62
64 65
65 61
65 64
65 66
66 65
66 67
66 72
66 73
67 51
67 66
67 68
67 71
68 67
68 69
69 58
69 68
69 79
70 71
71 67
71 70
71 72
71 74
72 71
72 66
73 74
73 66
73 78
74 71
74 73
74 75
75 74
75 68
75 90
76 77
76 87
77 76
77 78
78 73
78 77
78 79
78 91
79 69
79 78
79 80
79 94
80 58
80 79
80 81
80 95
81 57
81 80
81 83
82 56
82 83
82 85
83 81
83 82
83 84
83 96
84 83
84 85
84 97
85 82
85 86
85 84
86 85
87 76
87 89
87 88
88 87
88 89
89 87
89 88
89 90
90 75
90 89
90 113
90 92
91 78
91 92
92 90
92 91
92 93
93 92
93 94
93 101
93 110
94 93
94 79
94 95
95 80
95 94
95 96
96 83
97 84
97 96
97 98
97 104
98 96
98 97
98 99
99 98
99 101
100 101
101 100
101 99
101 102
101 93
102 101
102 103
102 105
103 102
104 97
104 105
105 102
105 104
105 106
106 105
106 107
107 106
107 108
108 107
108 109
109 108
109 110
110 93
110 109
110 111
110 112
111 110
111 112
112 110
112 111
112 115
113 90
113 114
114 113
114 115
114 118
115 114
115 116
115 112
116 115
116 117
117 116
117 118
118 114
118 117
119 27
